Sample data for sulfate ingress by DUCOM+PHREEQC
3201000000000001
NODE                                                            
NODE1     0.000     0.000     0.000     1.0E-05             0000
NODE2     0.001     0.000     0.000     1.0E-05             0000
NODE3     0.002     0.000     0.000     1.0E-05             0000
NODE4     0.003     0.000     0.000     1.0E-05             0000
NODE5     0.004     0.000     0.000     1.0E-05             0000
NODE6     0.005     0.000     0.000     1.0E-05             0000
NODE7     0.006     0.000     0.000     1.0E-05             0000
NODE8     0.007     0.000     0.000     1.0E-05             0000
NODE9     0.008     0.000     0.000     1.0E-05             0000
NODE10    0.009     0.000     0.000     1.0E-05             0000
NODE11    0.010     0.000     0.000     1.0E-05             0000
NODE12    0.011     0.000     0.000     1.0E-05             0000
NODE13    0.012     0.000     0.000     1.0E-05             0000
NODE14    0.013     0.000     0.000     1.0E-05             0000
NODE15    0.014     0.000     0.000     1.0E-05             0000
NODE16    0.015     0.000     0.000     1.0E-05             0000
NODE17    0.016     0.000     0.000     1.0E-05             0000
NODE18    0.017     0.000     0.000     1.0E-05             0000
NODE19    0.018     0.000     0.000     1.0E-05             0000
NODE20    0.019     0.000     0.000     1.0E-05             0000
NODE21    0.020     0.000     0.000     1.0E-05             0000
NODE22    0.021     0.000     0.000     1.0E-05             0000
NODE23    0.022     0.000     0.000     1.0E-05             0000
NODE24    0.023     0.000     0.000     1.0E-05             0000
NODE25    0.024     0.000     0.000     1.0E-05             0000
NODE26    0.025     0.000     0.000     1.0E-05             0000
NODE27    0.026     0.000     0.000     1.0E-05             0000
NODE28    0.027     0.000     0.000     1.0E-05             0000
NODE29    0.028     0.000     0.000     1.0E-05             0000
NODE30    0.029     0.000     0.000     1.0E-05             0000
NODE31    0.030     0.000     0.000     1.0E-05             0000
NODE32    0.031     0.000     0.000     1.0E-05             0000
NODE33    0.032     0.000     0.000     1.0E-05             0000
NODE34    0.033     0.000     0.000     1.0E-05             0000
NODE35    0.034     0.000     0.000     1.0E-05             0000
NODE36    0.035     0.000     0.000     1.0E-05             0000
NODE37    0.036     0.000     0.000     1.0E-05             0000
NODE38    0.037     0.000     0.000     1.0E-05             0000
NODE39    0.038     0.000     0.000     1.0E-05             0000
NODE40    0.039     0.000     0.000     1.0E-05             0000
NODE41    0.040     0.000     0.000     1.0E-05             0000
NODE42    0.041     0.000     0.000     1.0E-05             0000
NODE43    0.042     0.000     0.000     1.0E-05             0000
NODE44    0.043     0.000     0.000     1.0E-05             0000
NODE45    0.044     0.000     0.000     1.0E-05             0000
NODE46    0.045     0.000     0.000     1.0E-05             0000
NODE47    0.046     0.000     0.000     1.0E-05             0000
NODE48    0.047     0.000     0.000     1.0E-05             0000
NODE49    0.048     0.000     0.000     1.0E-05             0000
NODE50    0.049     0.000     0.000     1.0E-05             0000
NODE51    0.050     0.000     0.000     1.0E-05             0000
NODE52    0.060     0.000     0.000     1.0E-05             0000
NODE53    0.070     0.000     0.000     1.0E-05             0000
NODE54    0.080     0.000     0.000     1.0E-05             0000
NODE55    0.090     0.000     0.000     1.0E-05             0000
NODE56    0.100     0.000     0.000     1.0E-05             0000
ELEM
LINE1     1    2    0    0    0    0    0    0    0    0    0    0    
0   0     0    0    0    0    0    0    1    0    0                   
LINE2     2    3    0    0    0    0    0    0    0    0    0    0    
0   0     0    0    0    0    0    0    1    0    0                   
LINE3     3    4    0    0    0    0    0    0    0    0    0    0    
0   0     0    0    0    0    0    0    1    0    0                   
LINE4     4    5    0    0    0    0    0    0    0    0    0    0    
0   0     0    0    0    0    0    0    1    0    0                   
LINE5     5    6    0    0    0    0    0    0    0    0    0    0    
0   0     0    0    0    0    0    0    1    0    0                   
LINE6     6    7    0    0    0    0    0    0    0    0    0    0    
0   0     0    0    0    0    0    0    1    0    0                   
LINE7     7    8    0    0    0    0    0    0    0    0    0    0    
0   0     0    0    0    0    0    0    1    0    0                   
LINE8     8    9    0    0    0    0    0    0    0    0    0    0    
0   0     0    0    0    0    0    0    1    0    0                   
LINE9     9    10   0    0    0    0    0    0    0    0    0    0    
0   0     0    0    0    0    0    0    1    0    0                   
LINE10    10   11   0    0    0    0    0    0    0    0    0    0    
0   0     0    0    0    0    0    0    1    0    0                   
LINE11    11   12   0    0    0    0    0    0    0    0    0    0    
0   0     0    0    0    0    0    0    1    0    0                   
LINE12    12   13   0    0    0    0    0    0    0    0    0    0    
0   0     0    0    0    0    0    0    1    0    0                   
LINE13    13   14   0    0    0    0    0    0    0    0    0    0    
0   0     0    0    0    0    0    0    1    0    0                   
LINE14    14   15   0    0    0    0    0    0    0    0    0    0    
0   0     0    0    0    0    0    0    1    0    0                   
LINE15    15   16   0    0    0    0    0    0    0    0    0    0    
0   0     0    0    0    0    0    0    1    0    0                   
LINE16    16   17   0    0    0    0    0    0    0    0    0    0    
0   0     0    0    0    0    0    0    1    0    0                   
LINE17    17   18   0    0    0    0    0    0    0    0    0    0    
0   0     0    0    0    0    0    0    1    0    0                   
LINE18    18   19   0    0    0    0    0    0    0    0    0    0    
0   0     0    0    0    0    0    0    1    0    0                   
LINE19    19   20   0    0    0    0    0    0    0    0    0    0    
0   0     0    0    0    0    0    0    1    0    0                   
LINE20    20   21   0    0    0    0    0    0    0    0    0    0    
0   0     0    0    0    0    0    0    1    0    0                   
LINE21    21   22   0    0    0    0    0    0    0    0    0    0    
0   0     0    0    0    0    0    0    1    0    0                   
LINE22    22   23   0    0    0    0    0    0    0    0    0    0    
0   0     0    0    0    0    0    0    1    0    0                   
LINE23    23   24   0    0    0    0    0    0    0    0    0    0    
0   0     0    0    0    0    0    0    1    0    0                   
LINE24    24   25   0    0    0    0    0    0    0    0    0    0    
0   0     0    0    0    0    0    0    1    0    0                   
LINE25    25   26   0    0    0    0    0    0    0    0    0    0    
0   0     0    0    0    0    0    0    1    0    0                   
LINE26    26   27   0    0    0    0    0    0    0    0    0    0    
0   0     0    0    0    0    0    0    1    0    0                   
LINE27    27   28   0    0    0    0    0    0    0    0    0    0    
0   0     0    0    0    0    0    0    1    0    0                   
LINE28    28   29   0    0    0    0    0    0    0    0    0    0    
0   0     0    0    0    0    0    0    1    0    0                   
LINE29    29   30   0    0    0    0    0    0    0    0    0    0    
0   0     0    0    0    0    0    0    1    0    0                   
LINE30    30   31   0    0    0    0    0    0    0    0    0    0    
0   0     0    0    0    0    0    0    1    0    0                   
LINE31    31   32   0    0    0    0    0    0    0    0    0    0    
0   0     0    0    0    0    0    0    1    0    0                   
LINE32    32   33   0    0    0    0    0    0    0    0    0    0    
0   0     0    0    0    0    0    0    1    0    0                   
LINE33    33   34   0    0    0    0    0    0    0    0    0    0    
0   0     0    0    0    0    0    0    1    0    0                   
LINE34    34   35   0    0    0    0    0    0    0    0    0    0    
0   0     0    0    0    0    0    0    1    0    0                   
LINE35    35   36   0    0    0    0    0    0    0    0    0    0    
0   0     0    0    0    0    0    0    1    0    0                   
LINE36    36   37   0    0    0    0    0    0    0    0    0    0    
0   0     0    0    0    0    0    0    1    0    0                   
LINE37    37   38   0    0    0    0    0    0    0    0    0    0    
0   0     0    0    0    0    0    0    1    0    0                   
LINE38    38   39   0    0    0    0    0    0    0    0    0    0    
0   0     0    0    0    0    0    0    1    0    0                   
LINE39    39   40   0    0    0    0    0    0    0    0    0    0    
0   0     0    0    0    0    0    0    1    0    0                   
LINE40    40   41   0    0    0    0    0    0    0    0    0    0    
0   0     0    0    0    0    0    0    1    0    0                   
LINE41    41   42   0    0    0    0    0    0    0    0    0    0    
0   0     0    0    0    0    0    0    1    0    0                   
LINE42    42   43   0    0    0    0    0    0    0    0    0    0    
0   0     0    0    0    0    0    0    1    0    0                   
LINE43    43   44   0    0    0    0    0    0    0    0    0    0    
0   0     0    0    0    0    0    0    1    0    0                   
LINE44    44   45   0    0    0    0    0    0    0    0    0    0    
0   0     0    0    0    0    0    0    1    0    0                   
LINE45    45   46   0    0    0    0    0    0    0    0    0    0    
0   0     0    0    0    0    0    0    1    0    0                   
LINE46    46   47   0    0    0    0    0    0    0    0    0    0    
0   0     0    0    0    0    0    0    1    0    0                   
LINE47    47   48   0    0    0    0    0    0    0    0    0    0    
0   0     0    0    0    0    0    0    1    0    0                   
LINE48    48   49   0    0    0    0    0    0    0    0    0    0    
0   0     0    0    0    0    0    0    1    0    0                   
LINE49    49   50   0    0    0    0    0    0    0    0    0    0    
0   0     0    0    0    0    0    0    1    0    0                   
LINE50    50   51   0    0    0    0    0    0    0    0    0    0    
0   0     0    0    0    0    0    0    1    0    0                   
LINE51    51   52   0    0    0    0    0    0    0    0    0    0    
0   0     0    0    0    0    0    0    1    0    0                   
LINE52    52   53   0    0    0    0    0    0    0    0    0    0    
0   0     0    0    0    0    0    0    1    0    0                   
LINE53    53   54   0    0    0    0    0    0    0    0    0    0    
0   0     0    0    0    0    0    0    1    0    0                   
LINE54    54   55   0    0    0    0    0    0    0    0    0    0    
0   0     0    0    0    0    0    0    1    0    0                   
LINE55    55   56   0    0    0    0    0    0    0    0    0    0    
0   0     0    0    0    0    0    0    1    0    0                   
PINT-56   1    0    0    0    0    0    0    0    0    0    0    0    
0   0     0    0    0    0    0    0    0    1    0                   
LOAD                                                                  

STEP1     0.0002    1.0       0.10      0.0       
STEP2     0.0004    1.0       0.10      0.0       
STEP3     0.0007    1.0       0.10      0.0       
STEP4     0.0009    1.0       0.10      0.0       
STEP5     0.0012    1.0       0.10      0.0       
STEP6     0.0014    1.0       0.10      0.0       
STEP7     0.0017    1.0       0.10      0.0       
STEP8     0.0020    1.0       0.10      0.0       
STEP9     0.0023    1.0       0.10      0.0       
STEP10    0.0026    1.0       0.10      0.0       
STEP11    0.0030    1.0       0.10      0.0       
STEP12    0.0033    1.0       0.10      0.0       
STEP13    0.0037    1.0       0.10      0.0       
STEP14    0.0041    1.0       0.10      0.0       
STEP15    0.0045    1.0       0.10      0.0       
STEP16    0.0050    1.0       0.10      0.0       
STEP17    0.0054    1.0       0.10      0.0       
STEP18    0.0059    1.0       0.10      0.0       
STEP19    0.0064    1.0       0.10      0.0       
STEP20    0.0069    1.0       0.10      0.0       
STEP21    0.0075    1.0       0.10      0.0       
STEP22    0.0081    1.0       0.10      0.0       
STEP23    0.0087    1.0       0.10      0.0       
STEP24    0.0093    1.0       0.10      0.0       
STEP25    0.0100    1.0       0.10      0.0       
STEP26    0.0107    1.0       0.10      0.0       
STEP27    0.0115    1.0       0.10      0.0       
STEP28    0.0123    1.0       0.10      0.0       
STEP29    0.0131    1.0       0.10      0.0       
STEP30    0.0140    1.0       0.10      0.0       
STEP31    0.0149    1.0       0.10      0.0       
STEP32    0.0158    1.0       0.10      0.0       
STEP33    0.0168    1.0       0.10      0.0       
STEP34    0.0179    1.0       0.10      0.0       
STEP35    0.0190    1.0       0.10      0.0       
STEP36    0.0201    1.0       0.10      0.0       
STEP37    0.0213    1.0       0.10      0.0       
STEP38    0.0226    1.0       0.10      0.0       
STEP39    0.0240    1.0       0.10      0.0       
STEP40    0.0254    1.0       0.10      0.0       
STEP41    0.0268    1.0       0.10      0.0       
STEP42    0.0284    1.0       0.10      0.0       
STEP43    0.0300    1.0       0.10      0.0       
STEP44    0.0317    1.0       0.10      0.0       
STEP45    0.0335    1.0       0.10      0.0       
STEP46    0.0354    1.0       0.10      0.0       
STEP47    0.0374    1.0       0.10      0.0       
STEP48    0.0395    1.0       0.10      0.0       
STEP49    0.0417    1.0       0.10      0.0       
STEP50    0.0440    1.0       0.10      0.0       
STEP51    0.0464    1.0       0.10      0.0       
STEP52    0.0489    1.0       0.10      0.0       
STEP53    0.0516    1.0       0.10      0.0       
STEP54    0.0543    1.0       0.10      0.0       
STEP55    0.0573    1.0       0.10      0.0       
STEP56    0.0603    1.0       0.10      0.0       
STEP57    0.0636    1.0       0.10      0.0       
STEP58    0.0670    1.0       0.10      0.0       
STEP59    0.0705    1.0       0.10      0.0       
STEP60    0.0743    1.0       0.10      0.0       
STEP61    0.0782    1.0       0.10      0.0       
STEP62    0.0823    1.0       0.10      0.0       
STEP63    0.0866    1.0       0.10      0.0       
STEP64    0.0912    1.0       0.10      0.0       
STEP65    0.0959    1.0       0.10      0.0       
STEP66    0.1009    1.0       0.10      0.0       
STEP67    0.1062    1.0       0.10      0.0       
STEP68    0.1117    1.0       0.10      0.0       
STEP69    0.1175    1.0       0.10      0.0       
STEP70    0.1236    1.0       0.10      0.0       
STEP71    0.1300    1.0       0.10      0.0       
STEP72    0.1367    1.0       0.10      0.0       
STEP73    0.1437    1.0       0.10      0.0       
STEP74    0.1511    1.0       0.10      0.0       
STEP75    0.1589    1.0       0.10      0.0       
STEP76    0.1671    1.0       0.10      0.0       
STEP77    0.1756    1.0       0.10      0.0       
STEP78    0.1846    1.0       0.10      0.0       
STEP79    0.1940    1.0       0.10      0.0       
STEP80    0.2040    1.0       0.10      0.0       
STEP81    0.2144    1.0       0.10      0.0       
STEP82    0.2253    1.0       0.10      0.0       
STEP83    0.2368    1.0       0.10      0.0       
STEP84    0.2488    1.0       0.10      0.0       
STEP85    0.2615    1.0       0.10      0.0       
STEP86    0.2748    1.0       0.10      0.0       
STEP87    0.2887    1.0       0.10      0.0       
STEP88    0.3033    1.0       0.10      0.0       
STEP89    0.3187    1.0       0.10      0.0       
STEP90    0.3349    1.0       0.10      0.0       
STEP91    0.3518    1.0       0.10      0.0       
STEP92    0.3696    1.0       0.10      0.0       
STEP93    0.3883    1.0       0.10      0.0       
STEP94    0.4079    1.0       0.10      0.0       
STEP95    0.4285    1.0       0.10      0.0       
STEP96    0.4502    1.0       0.10      0.0       
STEP97    0.4729    1.0       0.10      0.0       
STEP98    0.4968    1.0       0.10      0.0       
STEP99    0.5218    1.0       0.10      0.0       
STEP100   0.5481    1.0       0.10      0.0       
STEP101   0.5757    1.0       0.10      0.0       
STEP102   0.6047    1.0       0.10      0.0       
STEP103   0.6352    1.0       0.10      0.0       
STEP104   0.6671    1.0       0.10      0.0       
STEP105   0.7007    1.0       0.10      0.0       
STEP106   0.7359    1.0       0.10      0.0       
STEP107   0.7729    1.0       0.10      0.0       
STEP108   0.8118    1.0       0.10      0.0       
STEP109   0.8526    1.0       0.10      0.0       
STEP110   0.8954    1.0       0.10      0.0       
STEP111   0.9404    1.0       0.10      0.0       
STEP112   0.9877    1.0       0.10      0.0       
STEP113   1.0373    1.0       0.10      0.0       
STEP114   1.0893    1.0       0.10      0.0       
STEP115   1.1440    1.0       0.10      0.0       
STEP116   1.2014    1.0       0.10      0.0       
STEP117   1.2617    1.0       0.10      0.0       
STEP118   1.3250    1.0       0.10      0.0       
STEP119   1.3914    1.0       0.10      0.0       
STEP120   1.4612    1.0       0.10      0.0       
STEP121   1.5345    1.0       0.10      0.0       
STEP122   1.6114    1.0       0.10      0.0       
STEP123   1.6922    1.0       0.10      0.0       
STEP124   1.7770    1.0       0.10      0.0       
STEP125   1.8661    1.0       0.10      0.0       
STEP126   1.9596    1.0       0.10      0.0       
STEP127   2.0578    1.0       0.10      0.0       
STEP128   2.1609    1.0       0.10      0.0       
STEP129   2.2692    1.0       0.10      0.0       
STEP130   2.3828    1.0       0.10      0.0       
STEP131   2.5022    1.0       0.10      0.0       
STEP132   2.6275    1.0       0.10      0.0       
STEP133   2.7591    1.0       0.10      0.0       
STEP134   2.8973    1.0       0.10      0.0       
STEP135   3.0423    1.0       0.10      0.0       
STEP136   3.1947    1.0       0.10      0.0       
STEP137   3.3546    1.0       0.10      0.0       
STEP138   3.5225    1.0       0.10      0.0       
STEP139   3.6989    1.0       0.10      0.0       
STEP140   3.8840    1.0       0.10      0.0       
STEP141   4.0784    1.0       0.10      0.0       
STEP142   4.2826    1.0       0.10      0.0       
STEP143   4.4969    1.0       0.10      0.0       
STEP144   4.7220    1.0       0.10      0.0       
STEP145   4.9583    1.0       0.10      0.0       
STEP146   5.2064    1.0       0.10      0.0       
STEP147   5.4669    1.0       0.10      0.0       
STEP148   5.7405    1.0       0.10      0.0       
STEP149   6.0277    1.0       0.10      0.0       
STEP150   6.3293    1.0       0.10      0.0       
STEP151   6.6460    1.0       0.10      0.0       
STEP152   6.9785    1.0       0.10      0.0       
STEP153   7.0000    1.0       0.10      1.0       
STEP154   7.0011    1.0       0.10      1.0       
STEP155   7.0022    1.0       0.10      1.0       
STEP156   7.0033    1.0       0.10      1.0       
STEP157   7.0045    1.0       0.10      1.0       
STEP158   7.0058    1.0       0.10      1.0       
STEP159   7.0071    1.0       0.10      1.0       
STEP160   7.0085    1.0       0.10      1.0       
STEP161   7.0100    1.0       0.10      1.0       
STEP162   7.0116    1.0       0.10      1.0       
STEP163   7.0132    1.0       0.10      1.0       
STEP164   7.0149    1.0       0.10      1.0       
STEP165   7.0167    1.0       0.10      1.0       
STEP166   7.0186    1.0       0.10      1.0       
STEP167   7.0206    1.0       0.10      1.0       
STEP168   7.0227    1.0       0.10      1.0       
STEP169   7.0248    1.0       0.10      1.0       
STEP170   7.0271    1.0       0.10      1.0       
STEP171   7.0295    1.0       0.10      1.0       
STEP172   7.0321    1.0       0.10      1.0       
STEP173   7.0347    1.0       0.10      1.0       
STEP174   7.0375    1.0       0.10      1.0       
STEP175   7.0404    1.0       0.10      1.0       
STEP176   7.0435    1.0       0.10      1.0       
STEP177   7.0467    1.0       0.10      1.0       
STEP178   7.0501    1.0       0.10      1.0       
STEP179   7.0537    1.0       0.10      1.0       
STEP180   7.0574    1.0       0.10      1.0       
STEP181   7.0613    1.0       0.10      1.0       
STEP182   7.0654    1.0       0.10      1.0       
STEP183   7.0698    1.0       0.10      1.0       
STEP184   7.0743    1.0       0.10      1.0       
STEP185   7.0791    1.0       0.10      1.0       
STEP186   7.0841    1.0       0.10      1.0       
STEP187   7.0893    1.0       0.10      1.0       
STEP188   7.0948    1.0       0.10      1.0       
STEP189   7.1006    1.0       0.10      1.0       
STEP190   7.1067    1.0       0.10      1.0       
STEP191   7.1131    1.0       0.10      1.0       
STEP192   7.1198    1.0       0.10      1.0       
STEP193   7.1268    1.0       0.10      1.0       
STEP194   7.1342    1.0       0.10      1.0       
STEP195   7.1420    1.0       0.10      1.0       
STEP196   7.1501    1.0       0.10      1.0       
STEP197   7.1587    1.0       0.10      1.0       
STEP198   7.1677    1.0       0.10      1.0       
STEP199   7.1771    1.0       0.10      1.0       
STEP200   7.1870    1.0       0.10      1.0       
STEP201   7.1974    1.0       0.10      1.0       
STEP202   7.2083    1.0       0.10      1.0       
STEP203   7.2198    1.0       0.10      1.0       
STEP204   7.2319    1.0       0.10      1.0       
STEP205   7.2445    1.0       0.10      1.0       
STEP206   7.2578    1.0       0.10      1.0       
STEP207   7.2717    1.0       0.10      1.0       
STEP208   7.2863    1.0       0.10      1.0       
STEP209   7.3017    1.0       0.10      1.0       
STEP210   7.3179    1.0       0.10      1.0       
STEP211   7.3348    1.0       0.10      1.0       
STEP212   7.3526    1.0       0.10      1.0       
STEP213   7.3713    1.0       0.10      1.0       
STEP214   7.3909    1.0       0.10      1.0       
STEP215   7.4115    1.0       0.10      1.0       
STEP216   7.4331    1.0       0.10      1.0       
STEP217   7.4558    1.0       0.10      1.0       
STEP218   7.4796    1.0       0.10      1.0       
STEP219   7.5047    1.0       0.10      1.0       
STEP220   7.5310    1.0       0.10      1.0       
STEP221   7.5586    1.0       0.10      1.0       
STEP222   7.5875    1.0       0.10      1.0       
STEP223   7.6180    1.0       0.10      1.0       
STEP224   7.6499    1.0       0.10      1.0       
STEP225   7.6834    1.0       0.10      1.0       
STEP226   7.7187    1.0       0.10      1.0       
STEP227   7.7557    1.0       0.10      1.0       
STEP228   7.7945    1.0       0.10      1.0       
STEP229   7.8353    1.0       0.10      1.0       
STEP230   7.8781    1.0       0.10      1.0       
STEP231   7.9230    1.0       0.10      1.0       
STEP232   7.9702    1.0       0.10      1.0       
STEP233   8.0198    1.0       0.10      1.0       
STEP234   8.0718    1.0       0.10      1.0       
STEP235   8.1265    1.0       0.10      1.0       
STEP236   8.1838    1.0       0.10      1.0       
STEP237   8.2441    1.0       0.10      1.0       
STEP238   8.3073    1.0       0.10      1.0       
STEP239   8.3738    1.0       0.10      1.0       
STEP240   8.4435    1.0       0.10      1.0       
STEP241   8.5167    1.0       0.10      1.0       
STEP242   8.5936    1.0       0.10      1.0       
STEP243   8.6743    1.0       0.10      1.0       
STEP244   8.7591    1.0       0.10      1.0       
STEP245   8.8481    1.0       0.10      1.0       
STEP246   8.9416    1.0       0.10      1.0       
STEP247   9.0397    1.0       0.10      1.0       
STEP248   9.1427    1.0       0.10      1.0       
STEP249   9.2509    1.0       0.10      1.0       
STEP250   9.3645    1.0       0.10      1.0       
STEP251   9.4838    1.0       0.10      1.0       
STEP252   9.6090    1.0       0.10      1.0       
STEP253   9.7405    1.0       0.10      1.0       
STEP254   9.8786    1.0       0.10      1.0       
STEP255   10.0236   1.0       0.10      1.0       
STEP256   10.1758   1.0       0.10      1.0       
STEP257   10.3357   1.0       0.10      1.0       
STEP258   10.5035   1.0       0.10      1.0       
STEP259   10.6797   1.0       0.10      1.0       
STEP260   10.8647   1.0       0.10      1.0       
STEP261   11.0590   1.0       0.10      1.0       
STEP262   11.2630   1.0       0.10      1.0       
STEP263   11.4772   1.0       0.10      1.0       
STEP264   11.7021   1.0       0.10      1.0       
STEP265   11.9383   1.0       0.10      1.0       
STEP266   12.1863   1.0       0.10      1.0       
STEP267   12.4466   1.0       0.10      1.0       
STEP268   12.7200   1.0       0.10      1.0       
STEP269   13.0071   1.0       0.10      1.0       
STEP270   13.3085   1.0       0.10      1.0       
STEP271   13.6249   1.0       0.10      1.0       
STEP272   13.9572   1.0       0.10      1.0       
STEP273   14.3062   1.0       0.10      1.0       
STEP274   14.6725   1.0       0.10      1.0       
STEP275   15.0572   1.0       0.10      1.0       
STEP276   15.4611   1.0       0.10      1.0       
STEP277   15.8852   1.0       0.10      1.0       
STEP278   16.3305   1.0       0.10      1.0       
STEP279   16.7981   1.0       0.10      1.0       
STEP280   17.2890   1.0       0.10      1.0       
STEP281   17.8045   1.0       0.10      1.0       
STEP282   18.3458   1.0       0.10      1.0       
STEP283   18.9142   1.0       0.10      1.0       
STEP284   19.5109   1.0       0.10      1.0       
STEP285   20.1375   1.0       0.10      1.0       
STEP286   20.7954   1.0       0.10      1.0       
STEP287   21.4863   1.0       0.10      1.0       
STEP288   22.2116   1.0       0.10      1.0       
STEP289   22.9733   1.0       0.10      1.0       
STEP290   23.7730   1.0       0.10      1.0       
STEP291   24.6127   1.0       0.10      1.0       
STEP292   25.4943   1.0       0.10      1.0       
STEP293   26.4201   1.0       0.10      1.0       
STEP294   27.3922   1.0       0.10      1.0       
STEP295   28.4128   1.0       0.10      1.0       
STEP296   29.4845   1.0       0.10      1.0       
STEP297   30.6098   1.0       0.10      1.0       
STEP298   31.7913   1.0       0.10      1.0       
STEP299   33.0320   1.0       0.10      1.0       
STEP300   34.3346   1.0       0.10      1.0       
STEP301   35.7024   1.0       0.10      1.0       
STEP302   37.1385   1.0       0.10      1.0       
STEP303   38.6465   1.0       0.10      1.0       
STEP304   40.2299   1.0       0.10      1.0       
STEP305   41.8924   1.0       0.10      1.0       
STEP306   43.6381   1.0       0.10      1.0       
STEP307   45.4711   1.0       0.10      1.0       
STEP308   47.3957   1.0       0.10      1.0       
STEP309   49.4165   1.0       0.10      1.0       
STEP310   51.5384   1.0       0.10      1.0       
STEP311   53.7664   1.0       0.10      1.0       
STEP312   56.0000   1.0       0.10      1.0       
STEP313   58.5621   1.0       0.10      1.0       
STEP314   61.1412   1.0       0.10      1.0       
STEP315   63.8493   1.0       0.10      1.0       
STEP316   66.6928   1.0       0.10      1.0       
STEP317   69.6785   1.0       0.10      1.0       
STEP318   72.8135   1.0       0.10      1.0       
STEP319   76.1052   1.0       0.10      1.0       
STEP320   79.5616   1.0       0.10      1.0       
STEP321   83.1907   1.0       0.10      1.0       
STEP322   87.0013   1.0       0.10      1.0       
STEP323   91.0024   1.0       0.10      1.0       
STEP324   95.2035   1.0       0.10      1.0       
STEP325   99.6148   1.0       0.10      1.0       
STEP326   104.2466  1.0       0.10      1.0       
STEP327   109.1099  1.0       0.10      1.0       
STEP328   114.2165  1.0       0.10      1.0       
STEP329   119.5784  1.0       0.10      1.0       
STEP330   125.2083  1.0       0.10      1.0       
STEP331   131.1198  1.0       0.10      1.0       
STEP332   137.3268  1.0       0.10      1.0       
STEP333   143.8442  1.0       0.10      1.0       
STEP334   150.6875  1.0       0.10      1.0       
STEP335   157.8729  1.0       0.10      1.0       
STEP336   165.4176  1.0       0.10      1.0       
STEP337   173.3395  1.0       0.10      1.0       
STEP338   181.6576  1.0       0.10      1.0       
STEP339   190.3915  1.0       0.10      1.0       
STEP340   199.5621  1.0       0.10      1.0       
STEP341   209.1913  1.0       0.10      1.0       
STEP342   219.3019  1.0       0.10      1.0       
STEP343   229.9180  1.0       0.10      1.0       
STEP344   241.0650  1.0       0.10      1.0       
STEP345   252.7693  1.0       0.10      1.0       
STEP346   265.0588  1.0       0.10      1.0       
STEP347   277.9628  1.0       0.10      1.0       
STEP348   291.5120  1.0       0.10      1.0       
STEP349   305.7386  1.0       0.10      1.0       
STEP350   320.6766  1.0       0.10      1.0       
STEP351   336.3615  1.0       0.10      1.0       
STEP352   352.8306  1.0       0.10      1.0       
STEP353   370.1232  1.0       0.10      1.0       
STEP354   388.2804  1.0       0.10      1.0       
END                                               
