message
0201000001000001000000402     0.700     0.000     0.000         0
NODE
NODE     1      0.00      0.00      0.00                    000
NODE     2     40.00      0.00      0.00                    000
NODE     3     40.00      0.00    100.00                    000
NODE     4      0.00      0.00    100.00                    000
NODE     5     50.00      0.00      0.00                    000
NODE     6     50.00      0.00    100.00                    000
NODE     7     60.00      0.00      0.00                    000
NODE     8     60.00      0.00    100.00                    000
NODE     9    190.00      0.00      0.00                    000
NODE    10    190.00      0.00    100.00                    000
NODE    11    200.00      0.00      0.00                    000
NODE    12    200.00      0.00    100.00                    000
NODE    13    210.00      0.00      0.00                    000
NODE    14    210.00      0.00    100.00                    000
NODE    15    250.00      0.00      0.00                    100
NODE    16    250.00      0.00    100.00                    100
NODE    17     40.00      0.00     -5.00                    000
NODE    18     50.00      0.00     -5.00                    011
NODE    19     60.00      0.00     -5.00                    000
NODE    20    190.00      0.00    105.00                    000
NODE    21    200.00      0.00    105.00                    000
NODE    22    210.00      0.00    105.00                    000
NODE    27      0.00     50.00      0.00                    000
NODE    28     40.00     50.00      0.00                    000
NODE    29     40.00     50.00    100.00                    000
NODE    30      0.00     50.00    100.00                    000
NODE    31     50.00     50.00      0.00                    000
NODE    32     50.00     50.00    100.00                    000
NODE    33     60.00     50.00      0.00                    000
NODE    34     60.00     50.00    100.00                    000
NODE    35    190.00     50.00      0.00                    000
NODE    36    190.00     50.00    100.00                    000
NODE    37    200.00     50.00      0.00                    000
NODE    38    200.00     50.00    100.00                    000
NODE    39    210.00     50.00      0.00                    000
NODE    40    210.00     50.00    100.00                    000
NODE    41    250.00     50.00      0.00                    100
NODE    42    250.00     50.00    100.00                    100
NODE    43     40.00     50.00     -5.00                    000
NODE    44     50.00     50.00     -5.00                    001
NODE    45     60.00     50.00     -5.00                    000
NODE    46    190.00     50.00    105.00                    000
NODE    47    200.00     50.00    105.00                    000
NODE    48    210.00     50.00    105.00                    000
NODE    49     20.00      0.00      0.00                    000
NODE    50     40.00      0.00     25.00                    000
NODE    51     40.00      0.00     50.00                    000
NODE    52     40.00      0.00     75.00                    000
NODE    53     20.00      0.00    100.00                    000
NODE    54      0.00      0.00     75.00                    000
NODE    55      0.00      0.00     50.00                    000
NODE    56      0.00      0.00     25.00                    000
NODE    57     50.00      0.00     25.00                    000
NODE    58     50.00      0.00     50.00                    000
NODE    59     50.00      0.00     75.00                    000
NODE    60     60.00      0.00     25.00                    000
NODE    61     60.00      0.00     50.00                    000
NODE    62     60.00      0.00     75.00                    000
NODE    63     86.00      0.00      0.00                    000
NODE    64    112.00      0.00      0.00                    000
NODE    65    138.00      0.00      0.00                    000
NODE    66    164.00      0.00      0.00                    000
NODE    67    190.00      0.00     25.00                    000
NODE    68    190.00      0.00     50.00                    000
NODE    69    190.00      0.00     75.00                    000
NODE    70    164.00      0.00    100.00                    000
NODE    71    138.00      0.00    100.00                    000
NODE    72    112.00      0.00    100.00                    000
NODE    73     86.00      0.00    100.00                    000
NODE    74    200.00      0.00     25.00                    000
NODE    75    200.00      0.00     50.00                    000
NODE    76    200.00      0.00     75.00                    000
NODE    77    210.00      0.00     25.00                    000
NODE    78    210.00      0.00     50.00                    000
NODE    79    210.00      0.00     75.00                    000
NODE    80    230.00      0.00      0.00                    000
NODE    81    250.00      0.00     25.00                    100
NODE    82    250.00      0.00     50.00                    100
NODE    83    250.00      0.00     75.00                    100
NODE    84    230.00      0.00    100.00                    000
NODE   101      0.00     16.67      0.00                    000
NODE   102      0.00     33.33      0.00                    000
NODE   103     40.00     16.67      0.00                    000
NODE   104     40.00     33.33      0.00                    000
NODE   105     20.00     50.00      0.00                    000
NODE   106     40.00     16.67    100.00                    000
NODE   107     40.00     33.33    100.00                    000
NODE   108     40.00     50.00     25.00                    000
NODE   109     40.00     50.00     50.00                    000
NODE   110     40.00     50.00     75.00                    000
NODE   111      0.00     16.67    100.00                    000
NODE   112      0.00     33.33    100.00                    000
NODE   113     20.00     50.00    100.00                    000
NODE   114      0.00     50.00     75.00                    000
NODE   115      0.00     50.00     50.00                    000
NODE   116      0.00     50.00     25.00                    000
NODE   117     50.00     16.67      0.00                    000
NODE   118     50.00     33.33      0.00                    000
NODE   119     50.00     16.67    100.00                    000
NODE   120     50.00     33.33    100.00                    000
NODE   121     50.00     50.00     25.00                    000
NODE   122     50.00     50.00     50.00                    000
NODE   123     50.00     50.00     75.00                    000
NODE   124     60.00     16.67      0.00                    000
NODE   125     60.00     33.33      0.00                    000
NODE   126     60.00     16.67    100.00                    000
NODE   127     60.00     33.33    100.00                    000
NODE   128     60.00     50.00     25.00                    000
NODE   129     60.00     50.00     50.00                    000
NODE   130     60.00     50.00     75.00                    000
NODE   131    190.00     16.67      0.00                    000
NODE   132    190.00     33.33      0.00                    000
NODE   133     86.00     50.00      0.00                    000
NODE   134    112.00     50.00      0.00                    000
NODE   135    138.00     50.00      0.00                    000
NODE   136    164.00     50.00      0.00                    000
NODE   137    190.00     16.67    100.00                    000
NODE   138    190.00     33.33    100.00                    000
NODE   139    190.00     50.00     25.00                    000
NODE   140    190.00     50.00     50.00                    000
NODE   141    190.00     50.00     75.00                    000
NODE   142    164.00     50.00    100.00                    000
NODE   143    138.00     50.00    100.00                    000
NODE   144    112.00     50.00    100.00                    000
NODE   145     86.00     50.00    100.00                    000
NODE   146    200.00     16.67      0.00                    000
NODE   147    200.00     33.33      0.00                    000
NODE   148    200.00     16.67    100.00                    000
NODE   149    200.00     33.33    100.00                    000
NODE   150    200.00     50.00     25.00                    000
NODE   151    200.00     50.00     50.00                    000
NODE   152    200.00     50.00     75.00                    000
NODE   153    210.00     16.67      0.00                    000
NODE   154    210.00     33.33      0.00                    000
NODE   155    210.00     16.67    100.00                    000
NODE   156    210.00     33.33    100.00                    000
NODE   157    210.00     50.00     25.00                    000
NODE   158    210.00     50.00     50.00                    000
NODE   159    210.00     50.00     75.00                    000
NODE   160    250.00     16.67      0.00                    100
NODE   161    250.00     33.33      0.00                    100
NODE   162    230.00     50.00      0.00                    000
NODE   163    250.00     16.67    100.00                    100
NODE   164    250.00     33.33    100.00                    100
NODE   165    250.00     50.00     25.00                    100
NODE   166    250.00     50.00     50.00                    100
NODE   167    250.00     50.00     75.00                    100
NODE   168    230.00     50.00    100.00                    000
NODE   169     40.00     16.67     -5.00                    000
NODE   170     40.00     33.33     -5.00                    000
NODE   171     50.00     16.67     -5.00                    001
NODE   172     50.00     33.33     -5.00                    001
NODE   173     60.00     16.67     -5.00                    000
NODE   174     60.00     33.33     -5.00                    000
NODE   175    190.00     16.67    105.00                    000
NODE   176    190.00     33.33    105.00                    000
NODE   177    200.00     16.67    105.00                    000
NODE   178    200.00     33.33    105.00                    000
NODE   179    210.00     16.67    105.00                    000
NODE   180    210.00     33.33    105.00                    000
NODE   181     20.00      0.00     25.00                    000
NODE   182     20.00      0.00     50.00                    000
NODE   183     20.00      0.00     75.00                    000
NODE   184     86.00      0.00     25.00                    000
NODE   185     86.00      0.00     50.00                    000
NODE   186     86.00      0.00     75.00                    000
NODE   187    112.00      0.00     25.00                    000
NODE   188    112.00      0.00     50.00                    000
NODE   189    112.00      0.00     75.00                    000
NODE   190    138.00      0.00     25.00                    000
NODE   191    138.00      0.00     50.00                    000
NODE   192    138.00      0.00     75.00                    000
NODE   193    164.00      0.00     25.00                    000
NODE   194    164.00      0.00     50.00                    000
NODE   195    164.00      0.00     75.00                    000
NODE   196    230.00      0.00     25.00                    000
NODE   197    230.00      0.00     50.00                    000
NODE   198    230.00      0.00     75.00                    000
NODE   199     20.00     16.67      0.00                    000
NODE   200     20.00     33.33      0.00                    000
NODE   201     40.00     16.67     25.00                    000
NODE   202     40.00     33.33     25.00                    000
NODE   203     40.00     16.67     50.00                    000
NODE   204     40.00     33.33     50.00                    000
NODE   205     40.00     16.67     75.00                    000
NODE   206     40.00     33.33     75.00                    000
NODE   207     20.00     16.67    100.00                    000
NODE   208     20.00     33.33    100.00                    000
NODE   209      0.00     16.67     75.00                    000
NODE   210      0.00     33.33     75.00                    000
NODE   211      0.00     16.67     50.00                    000
NODE   212      0.00     33.33     50.00                    000
NODE   213      0.00     16.67     25.00                    000
NODE   214      0.00     33.33     25.00                    000
NODE   215     20.00     50.00     25.00                    000
NODE   216     20.00     50.00     50.00                    000
NODE   217     20.00     50.00     75.00                    000
NODE   218     50.00     16.67     25.00                    000
NODE   219     50.00     33.33     25.00                    000
NODE   220     50.00     16.67     50.00                    000
NODE   221     50.00     33.33     50.00                    000
NODE   222     50.00     16.67     75.00                    000
NODE   223     50.00     33.33     75.00                    000
NODE   224     60.00     16.67     25.00                    000
NODE   225     60.00     33.33     25.00                    000
NODE   226     60.00     16.67     50.00                    000
NODE   227     60.00     33.33     50.00                    000
NODE   228     60.00     16.67     75.00                    000
NODE   229     60.00     33.33     75.00                    000
NODE   230     86.00     16.67      0.00                    000
NODE   231     86.00     33.33      0.00                    000
NODE   232    112.00     16.67      0.00                    000
NODE   233    112.00     33.33      0.00                    000
NODE   234    138.00     16.67      0.00                    000
NODE   235    138.00     33.33      0.00                    000
NODE   236    164.00     16.67      0.00                    000
NODE   237    164.00     33.33      0.00                    000
NODE   238    190.00     16.67     25.00                    000
NODE   239    190.00     33.33     25.00                    000
NODE   240    190.00     16.67     50.00                    000
NODE   241    190.00     33.33     50.00                    000
NODE   242    190.00     16.67     75.00                    000
NODE   243    190.00     33.33     75.00                    000
NODE   244    164.00     16.67    100.00                    000
NODE   245    164.00     33.33    100.00                    000
NODE   246    138.00     16.67    100.00                    000
NODE   247    138.00     33.33    100.00                    000
NODE   248    112.00     16.67    100.00                    000
NODE   249    112.00     33.33    100.00                    000
NODE   250     86.00     16.67    100.00                    000
NODE   251     86.00     33.33    100.00                    000
NODE   252     86.00     50.00     25.00                    000
NODE   253     86.00     50.00     50.00                    000
NODE   254     86.00     50.00     75.00                    000
NODE   255    112.00     50.00     25.00                    000
NODE   256    112.00     50.00     50.00                    000
NODE   257    112.00     50.00     75.00                    000
NODE   258    138.00     50.00     25.00                    000
NODE   259    138.00     50.00     50.00                    000
NODE   260    138.00     50.00     75.00                    000
NODE   261    164.00     50.00     25.00                    000
NODE   262    164.00     50.00     50.00                    000
NODE   263    164.00     50.00     75.00                    000
NODE   264    200.00     16.67     25.00                    000
NODE   265    200.00     33.33     25.00                    000
NODE   266    200.00     16.67     50.00                    000
NODE   267    200.00     33.33     50.00                    000
NODE   268    200.00     16.67     75.00                    000
NODE   269    200.00     33.33     75.00                    000
NODE   270    210.00     16.67     25.00                    000
NODE   271    210.00     33.33     25.00                    000
NODE   272    210.00     16.67     50.00                    000
NODE   273    210.00     33.33     50.00                    000
NODE   274    210.00     16.67     75.00                    000
NODE   275    210.00     33.33     75.00                    000
NODE   276    230.00     16.67      0.00                    000
NODE   277    230.00     33.33      0.00                    000
NODE   278    250.00     16.67     25.00                    100
NODE   279    250.00     33.33     25.00                    100
NODE   280    250.00     16.67     50.00                    100
NODE   281    250.00     33.33     50.00                    100
NODE   282    250.00     16.67     75.00                    100
NODE   283    250.00     33.33     75.00                    100
NODE   284    230.00     16.67    100.00                    000
NODE   285    230.00     33.33    100.00                    000
NODE   286    230.00     50.00     25.00                    000
NODE   287    230.00     50.00     50.00                    000
NODE   288    230.00     50.00     75.00                    000
NODE   289     20.00     16.67     25.00                    000
NODE   290     20.00     33.33     25.00                    000
NODE   291     20.00     16.67     50.00                    000
NODE   292     20.00     33.33     50.00                    000
NODE   293     20.00     16.67     75.00                    000
NODE   294     20.00     33.33     75.00                    000
NODE   295     86.00     16.67     25.00                    000
NODE   296     86.00     33.33     25.00                    000
NODE   297     86.00     16.67     50.00                    000
NODE   298     86.00     33.33     50.00                    000
NODE   299     86.00     16.67     75.00                    000
NODE   300     86.00     33.33     75.00                    000
NODE   301    112.00     16.67     25.00                    000
NODE   302    112.00     33.33     25.00                    000
NODE   303    112.00     16.67     50.00                    000
NODE   304    112.00     33.33     50.00                    000
NODE   305    112.00     16.67     75.00                    000
NODE   306    112.00     33.33     75.00                    000
NODE   307    138.00     16.67     25.00                    000
NODE   308    138.00     33.33     25.00                    000
NODE   309    138.00     16.67     50.00                    000
NODE   310    138.00     33.33     50.00                    000
NODE   311    138.00     16.67     75.00                    000
NODE   312    138.00     33.33     75.00                    000
NODE   313    164.00     16.67     25.00                    000
NODE   314    164.00     33.33     25.00                    000
NODE   315    164.00     16.67     50.00                    000
NODE   316    164.00     33.33     50.00                    000
NODE   317    164.00     16.67     75.00                    000
NODE   318    164.00     33.33     75.00                    000
NODE   319    230.00     16.67     25.00                    000
NODE   320    230.00     33.33     25.00                    000
NODE   321    230.00     16.67     50.00                    000
NODE   322    230.00     33.33     50.00                    000
NODE   323    230.00     16.67     75.00                    000
NODE   324    230.00     33.33     75.00                    000
ELEM
ELEM    38  289  199  101  213  181   49    1   56    0    0    0    0    0
    0    0    0    0    0    0    0    9  210000.0      0.20     300.0   0.00255
       1.0       0.0       0.0 1950000.0    4100.0   0.03216       0.0     0.400
       0.0       1.0       0.0 1950000.0    4100.0   0.00000     20.50     1.973
       0.0       0.0       1.0 1950000.0    4100.0   0.00000       0.0     2.677
ELEM    39  290  200  102  214  289  199  101  213    0    0    0    0    0
    0    0    0    0    0    0    0    9  210000.0      0.20     300.0   0.00255
       1.0       0.0       0.0 2100000.0    3450.0   0.00000       0.0     2.235
       0.0       1.0       0.0 2100000.0    3450.0   0.00000     20.50     1.973
       0.0       0.0       1.0 2100000.0    3450.0   0.00000       0.0     2.677
ELEM    40  215  105   27  116  290  200  102  214    0    0    0    0    0
    0    0    0    0    0    0    0    9  210000.0      0.20     300.0   0.00255
       1.0       0.0       0.0 1950000.0    4100.0   0.03216       0.0     0.400
       0.0       1.0       0.0 1950000.0    4100.0   0.00000     20.50     1.973
       0.0       0.0       1.0 1950000.0    4100.0   0.00000       0.0     2.677
ELEM    41  291  289  213  211  182  181   56   55    0    0    0    0    0
    0    0    0    0    0    0    0    9  210000.0      0.20     300.0   0.00255
       1.0       0.0       0.0 2100000.0    3450.0   0.00000       0.0     2.235
       0.0       1.0       0.0 2100000.0    3450.0   0.00000     20.50     1.973
       0.0       0.0       1.0 2100000.0    3450.0   0.00000       0.0     2.677
ELEM    42  292  290  214  212  291  289  213  211    0    0    0    0    0
    0    0    0    0    0    0    0    9  210000.0      0.20     300.0   0.00255
       1.0       0.0       0.0 2100000.0    3450.0   0.00000       0.0     2.235
       0.0       1.0       0.0 2100000.0    3450.0   0.00000     20.50     1.973
       0.0       0.0       1.0 2100000.0    3450.0   0.00000       0.0     2.677
ELEM    43  216  215  116  115  292  290  214  212    0    0    0    0    0
    0    0    0    0    0    0    0    9  210000.0      0.20     300.0   0.00255
       1.0       0.0       0.0 2100000.0    3450.0   0.00000       0.0     2.235
       0.0       1.0       0.0 2100000.0    3450.0   0.00000     20.50     1.973
       0.0       0.0       1.0 2100000.0    3450.0   0.00000       0.0     2.677
ELEM    44  293  291  211  209  183  182   55   54    0    0    0    0    0
    0    0    0    0    0    0    0    9  210000.0      0.20     300.0   0.00255
       1.0       0.0       0.0 2100000.0    3450.0   0.00000       0.0     2.235
       0.0       1.0       0.0 2100000.0    3450.0   0.00000     20.50     1.973
       0.0       0.0       1.0 2100000.0    3450.0   0.00000       0.0     2.677
ELEM    45  294  292  212  210  293  291  211  209    0    0    0    0    0
    0    0    0    0    0    0    0    9  210000.0      0.20     300.0   0.00255
       1.0       0.0       0.0 2100000.0    3450.0   0.00000       0.0     2.235
       0.0       1.0       0.0 2100000.0    3450.0   0.00000     20.50     1.973
       0.0       0.0       1.0 2100000.0    3450.0   0.00000       0.0     2.677
ELEM    46  217  216  115  114  294  292  212  210    0    0    0    0    0
    0    0    0    0    0    0    0    9  210000.0      0.20     300.0   0.00255
       1.0       0.0       0.0 2100000.0    3450.0   0.00000       0.0     2.235
       0.0       1.0       0.0 2100000.0    3450.0   0.00000     20.50     1.973
       0.0       0.0       1.0 2100000.0    3450.0   0.00000       0.0     2.677
ELEM    47  207  293  209  111   53  183   54    4    0    0    0    0    0
    0    0    0    0    0    0    0    9  210000.0      0.20     300.0   0.00255
       1.0       0.0       0.0 2100000.0    3450.0   0.00000       0.0     2.235
       0.0       1.0       0.0 2100000.0    3450.0   0.00000     20.50     1.973
       0.0       0.0       1.0 2100000.0    3450.0   0.00000       0.0     2.677
ELEM    48  208  294  210  112  207  293  209  111    0    0    0    0    0
    0    0    0    0    0    0    0    9  210000.0      0.20     300.0   0.00255
       1.0       0.0       0.0 2100000.0    3450.0   0.00000       0.0     2.235
       0.0       1.0       0.0 2100000.0    3450.0   0.00000     20.50     1.973
       0.0       0.0       1.0 2100000.0    3450.0   0.00000       0.0     2.677
ELEM    49  113  217  114   30  208  294  210  112    0    0    0    0    0
    0    0    0    0    0    0    0    9  210000.0      0.20     300.0   0.00255
       1.0       0.0       0.0 2100000.0    3450.0   0.00000       0.0     2.235
       0.0       1.0       0.0 2100000.0    3450.0   0.00000     20.50     1.973
       0.0       0.0       1.0 2100000.0    3450.0   0.00000       0.0     2.677
ELEM    50  201  103  199  289   50    2   49  181    0    0    0    0    0
    0    0    0    0    0    0    0    9  210000.0      0.20     300.0   0.00255
       1.0       0.0       0.0 1950000.0    4100.0   0.03216       0.0     0.400
       0.0       1.0       0.0 1950000.0    4100.0   0.00000     20.50     1.973
       0.0       0.0       1.0 1950000.0    4100.0   0.00000       0.0     2.677
ELEM    51  202  104  200  290  201  103  199  289    0    0    0    0    0
    0    0    0    0    0    0    0    9  210000.0      0.20     300.0   0.00255
       1.0       0.0       0.0 2100000.0    3450.0   0.00000       0.0     2.235
       0.0       1.0       0.0 2100000.0    3450.0   0.00000     20.50     1.973
       0.0       0.0       1.0 2100000.0    3450.0   0.00000       0.0     2.677
ELEM    52  108   28  105  215  202  104  200  290    0    0    0    0    0
    0    0    0    0    0    0    0    9  210000.0      0.20     300.0   0.00255
       1.0       0.0       0.0 1950000.0    4100.0   0.03216       0.0     0.400
       0.0       1.0       0.0 1950000.0    4100.0   0.00000     20.50     1.973
       0.0       0.0       1.0 1950000.0    4100.0   0.00000       0.0     2.677
ELEM    53  203  201  289  291   51   50  181  182    0    0    0    0    0
    0    0    0    0    0    0    0    9  210000.0      0.20     300.0   0.00255
       1.0       0.0       0.0 2100000.0    3450.0   0.00000       0.0     2.235
       0.0       1.0       0.0 2100000.0    3450.0   0.00000     20.50     1.973
       0.0       0.0       1.0 2100000.0    3450.0   0.00000       0.0     2.677
ELEM    54  204  202  290  292  203  201  289  291    0    0    0    0    0
    0    0    0    0    0    0    0    9  210000.0      0.20     300.0   0.00255
       1.0       0.0       0.0 2100000.0    3450.0   0.00000       0.0     2.235
       0.0       1.0       0.0 2100000.0    3450.0   0.00000     20.50     1.973
       0.0       0.0       1.0 2100000.0    3450.0   0.00000       0.0     2.677
ELEM    55  109  108  215  216  204  202  290  292    0    0    0    0    0
    0    0    0    0    0    0    0    9  210000.0      0.20     300.0   0.00255
       1.0       0.0       0.0 2100000.0    3450.0   0.00000       0.0     2.235
       0.0       1.0       0.0 2100000.0    3450.0   0.00000     20.50     1.973
       0.0       0.0       1.0 2100000.0    3450.0   0.00000       0.0     2.677
ELEM    56  205  203  291  293   52   51  182  183    0    0    0    0    0
    0    0    0    0    0    0    0    9  210000.0      0.20     300.0   0.00255
       1.0       0.0       0.0 2100000.0    3450.0   0.00000       0.0     2.235
       0.0       1.0       0.0 2100000.0    3450.0   0.00000     20.50     1.973
       0.0       0.0       1.0 2100000.0    3450.0   0.00000       0.0     2.677
ELEM    57  206  204  292  294  205  203  291  293    0    0    0    0    0
    0    0    0    0    0    0    0    9  210000.0      0.20     300.0   0.00255
       1.0       0.0       0.0 2100000.0    3450.0   0.00000       0.0     2.235
       0.0       1.0       0.0 2100000.0    3450.0   0.00000     20.50     1.973
       0.0       0.0       1.0 2100000.0    3450.0   0.00000       0.0     2.677
ELEM    58  110  109  216  217  206  204  292  294    0    0    0    0    0
    0    0    0    0    0    0    0    9  210000.0      0.20     300.0   0.00255
       1.0       0.0       0.0 2100000.0    3450.0   0.00000       0.0     2.235
       0.0       1.0       0.0 2100000.0    3450.0   0.00000     20.50     1.973
       0.0       0.0       1.0 2100000.0    3450.0   0.00000       0.0     2.677
ELEM    59  106  205  293  207    3   52  183   53    0    0    0    0    0
    0    0    0    0    0    0    0    9  210000.0      0.20     300.0   0.00255
       1.0       0.0       0.0 2100000.0    3450.0   0.00000       0.0     2.235
       0.0       1.0       0.0 2100000.0    3450.0   0.00000     20.50     1.973
       0.0       0.0       1.0 2100000.0    3450.0   0.00000       0.0     2.677
ELEM    60  107  206  294  208  106  205  293  207    0    0    0    0    0
    0    0    0    0    0    0    0    9  210000.0      0.20     300.0   0.00255
       1.0       0.0       0.0 2100000.0    3450.0   0.00000       0.0     2.235
       0.0       1.0       0.0 2100000.0    3450.0   0.00000     20.50     1.973
       0.0       0.0       1.0 2100000.0    3450.0   0.00000       0.0     2.677
ELEM    61   29  110  217  113  107  206  294  208    0    0    0    0    0
    0    0    0    0    0    0    0    9  210000.0      0.20     300.0   0.00255
       1.0       0.0       0.0 2100000.0    3450.0   0.00000       0.0     2.235
       0.0       1.0       0.0 2100000.0    3450.0   0.00000     20.50     1.973
       0.0       0.0       1.0 2100000.0    3450.0   0.00000       0.0     2.677
ELEM    62  218  117  103  201   57    5    2   50    0    0    0    0    0
    0    0    0    0    0    0    0    9  210000.0      0.20     300.0   0.00255
       1.0       0.0       0.0 1950000.0    4100.0   0.03216       0.0     0.400
       0.0       1.0       0.0 1950000.0    4100.0   0.00000     20.50     1.973
       0.0       0.0       1.0 1950000.0    4100.0   0.00000       0.0     2.677
ELEM    63  219  118  104  202  218  117  103  201    0    0    0    0    0
    0    0    0    0    0    0    0    9  210000.0      0.20     300.0   0.00255
       1.0       0.0       0.0 2100000.0    3450.0   0.00000       0.0     1.488
       0.0       1.0       0.0 2100000.0    3450.0   0.00000     20.50     1.973
       0.0       0.0       1.0 2100000.0    3450.0   0.00000       0.0     2.677
ELEM    64  121   31   28  108  219  118  104  202    0    0    0    0    0
    0    0    0    0    0    0    0    9  210000.0      0.20     300.0   0.00255
       1.0       0.0       0.0 1950000.0    4100.0   0.03216       0.0     0.400
       0.0       1.0       0.0 1950000.0    4100.0   0.00000     20.50     1.973
       0.0       0.0       1.0 1950000.0    4100.0   0.00000       0.0     2.677
ELEM    65  220  218  201  203   58   57   50   51    0    0    0    0    0
    0    0    0    0    0    0    0    9  210000.0      0.20     300.0   0.00255
       1.0       0.0       0.0 2100000.0    3450.0   0.00000       0.0     1.488
       0.0       1.0       0.0 2100000.0    3450.0   0.00000     20.50     1.973
       0.0       0.0       1.0 2100000.0    3450.0   0.00000       0.0     2.677
ELEM    66  221  219  202  204  220  218  201  203    0    0    0    0    0
    0    0    0    0    0    0    0    9  210000.0      0.20     300.0   0.00255
       1.0       0.0       0.0 2100000.0    3450.0   0.00000       0.0     1.488
       0.0       1.0       0.0 2100000.0    3450.0   0.00000     20.50     1.973
       0.0       0.0       1.0 2100000.0    3450.0   0.00000       0.0     2.677
ELEM    67  122  121  108  109  221  219  202  204    0    0    0    0    0
    0    0    0    0    0    0    0    9  210000.0      0.20     300.0   0.00255
       1.0       0.0       0.0 2100000.0    3450.0   0.00000       0.0     1.488
       0.0       1.0       0.0 2100000.0    3450.0   0.00000     20.50     1.973
       0.0       0.0       1.0 2100000.0    3450.0   0.00000       0.0     2.677
ELEM    68  222  220  203  205   59   58   51   52    0    0    0    0    0
    0    0    0    0    0    0    0    9  210000.0      0.20     300.0   0.00255
       1.0       0.0       0.0 2100000.0    3450.0   0.00000       0.0     1.488
       0.0       1.0       0.0 2100000.0    3450.0   0.00000     20.50     1.973
       0.0       0.0       1.0 2100000.0    3450.0   0.00000       0.0     2.677
ELEM    69  223  221  204  206  222  220  203  205    0    0    0    0    0
    0    0    0    0    0    0    0    9  210000.0      0.20     300.0   0.00255
       1.0       0.0       0.0 2100000.0    3450.0   0.00000       0.0     1.488
       0.0       1.0       0.0 2100000.0    3450.0   0.00000     20.50     1.973
       0.0       0.0       1.0 2100000.0    3450.0   0.00000       0.0     2.677
ELEM    70  123  122  109  110  223  221  204  206    0    0    0    0    0
    0    0    0    0    0    0    0    9  210000.0      0.20     300.0   0.00255
       1.0       0.0       0.0 2100000.0    3450.0   0.00000       0.0     1.488
       0.0       1.0       0.0 2100000.0    3450.0   0.00000     20.50     1.973
       0.0       0.0       1.0 2100000.0    3450.0   0.00000       0.0     2.677
ELEM    71  119  222  205  106    6   59   52    3    0    0    0    0    0
    0    0    0    0    0    0    0    9  210000.0      0.20     300.0   0.00255
       1.0       0.0       0.0 2100000.0    3450.0   0.00000       0.0     1.488
       0.0       1.0       0.0 2100000.0    3450.0   0.00000     20.50     1.973
       0.0       0.0       1.0 2100000.0    3450.0   0.00000       0.0     2.677
ELEM    72  120  223  206  107  119  222  205  106    0    0    0    0    0
    0    0    0    0    0    0    0    9  210000.0      0.20     300.0   0.00255
       1.0       0.0       0.0 2100000.0    3450.0   0.00000       0.0     1.488
       0.0       1.0       0.0 2100000.0    3450.0   0.00000     20.50     1.973
       0.0       0.0       1.0 2100000.0    3450.0   0.00000       0.0     2.677
ELEM    73   32  123  110   29  120  223  206  107    0    0    0    0    0
    0    0    0    0    0    0    0    9  210000.0      0.20     300.0   0.00255
       1.0       0.0       0.0 2100000.0    3450.0   0.00000       0.0     1.488
       0.0       1.0       0.0 2100000.0    3450.0   0.00000     20.50     1.973
       0.0       0.0       1.0 2100000.0    3450.0   0.00000       0.0     2.677
ELEM    74  224  124  117  218   60    7    5   57    0    0    0    0    0
    0    0    0    0    0    0    0    9  210000.0      0.20     300.0   0.00255
       1.0       0.0       0.0 1950000.0    4100.0   0.03216       0.0     0.400
       0.0       1.0       0.0 1950000.0    4100.0   0.00000     20.50     1.973
       0.0       0.0       1.0 1950000.0    4100.0   0.00000       0.0     2.677
ELEM    75  225  125  118  219  224  124  117  218    0    0    0    0    0
    0    0    0    0    0    0    0    9  210000.0      0.20     300.0   0.00255
       1.0       0.0       0.0 2100000.0    3450.0   0.00000       0.0     1.488
       0.0       1.0       0.0 2100000.0    3450.0   0.00000     20.50     1.973
       0.0       0.0       1.0 2100000.0    3450.0   0.00000       0.0     2.677
ELEM    76  128   33   31  121  225  125  118  219    0    0    0    0    0
    0    0    0    0    0    0    0    9  210000.0      0.20     300.0   0.00255
       1.0       0.0       0.0 1950000.0    4100.0   0.03216       0.0     0.400
       0.0       1.0       0.0 1950000.0    4100.0   0.00000     20.50     1.973
       0.0       0.0       1.0 1950000.0    4100.0   0.00000       0.0     2.677
ELEM    77  226  224  218  220   61   60   57   58    0    0    0    0    0
    0    0    0    0    0    0    0    9  210000.0      0.20     300.0   0.00255
       1.0       0.0       0.0 2100000.0    3450.0   0.00000       0.0     1.488
       0.0       1.0       0.0 2100000.0    3450.0   0.00000     20.50     1.973
       0.0       0.0       1.0 2100000.0    3450.0   0.00000       0.0     2.677
ELEM    78  227  225  219  221  226  224  218  220    0    0    0    0    0
    0    0    0    0    0    0    0    9  210000.0      0.20     300.0   0.00255
       1.0       0.0       0.0 2100000.0    3450.0   0.00000       0.0     1.488
       0.0       1.0       0.0 2100000.0    3450.0   0.00000     20.50     1.973
       0.0       0.0       1.0 2100000.0    3450.0   0.00000       0.0     2.677
ELEM    79  129  128  121  122  227  225  219  221    0    0    0    0    0
    0    0    0    0    0    0    0    9  210000.0      0.20     300.0   0.00255
       1.0       0.0       0.0 2100000.0    3450.0   0.00000       0.0     1.488
       0.0       1.0       0.0 2100000.0    3450.0   0.00000     20.50     1.973
       0.0       0.0       1.0 2100000.0    3450.0   0.00000       0.0     2.677
ELEM    80  228  226  220  222   62   61   58   59    0    0    0    0    0
    0    0    0    0    0    0    0    9  210000.0      0.20     300.0   0.00255
       1.0       0.0       0.0 2100000.0    3450.0   0.00000       0.0     1.488
       0.0       1.0       0.0 2100000.0    3450.0   0.00000     20.50     1.973
       0.0       0.0       1.0 2100000.0    3450.0   0.00000       0.0     2.677
ELEM    81  229  227  221  223  228  226  220  222    0    0    0    0    0
    0    0    0    0    0    0    0    9  210000.0      0.20     300.0   0.00255
       1.0       0.0       0.0 2100000.0    3450.0   0.00000       0.0     1.488
       0.0       1.0       0.0 2100000.0    3450.0   0.00000     20.50     1.973
       0.0       0.0       1.0 2100000.0    3450.0   0.00000       0.0     2.677
ELEM    82  130  129  122  123  229  227  221  223    0    0    0    0    0
    0    0    0    0    0    0    0    9  210000.0      0.20     300.0   0.00255
       1.0       0.0       0.0 2100000.0    3450.0   0.00000       0.0     1.488
       0.0       1.0       0.0 2100000.0    3450.0   0.00000     20.50     1.973
       0.0       0.0       1.0 2100000.0    3450.0   0.00000       0.0     2.677
ELEM    83  126  228  222  119    8   62   59    6    0    0    0    0    0
    0    0    0    0    0    0    0    9  210000.0      0.20     300.0   0.00255
       1.0       0.0       0.0 2100000.0    3450.0   0.00000       0.0     1.488
       0.0       1.0       0.0 2100000.0    3450.0   0.00000     20.50     1.973
       0.0       0.0       1.0 2100000.0    3450.0   0.00000       0.0     2.677
ELEM    84  127  229  223  120  126  228  222  119    0    0    0    0    0
    0    0    0    0    0    0    0    9  210000.0      0.20     300.0   0.00255
       1.0       0.0       0.0 2100000.0    3450.0   0.00000       0.0     1.488
       0.0       1.0       0.0 2100000.0    3450.0   0.00000     20.50     1.973
       0.0       0.0       1.0 2100000.0    3450.0   0.00000       0.0     2.677
ELEM    85   34  130  123   32  127  229  223  120    0    0    0    0    0
    0    0    0    0    0    0    0    9  210000.0      0.20     300.0   0.00255
       1.0       0.0       0.0 2100000.0    3450.0   0.00000       0.0     1.488
       0.0       1.0       0.0 2100000.0    3450.0   0.00000     20.50     1.973
       0.0       0.0       1.0 2100000.0    3450.0   0.00000       0.0     2.677
ELEM    86  295  230  124  224  184   63    7   60    0    0    0    0    0
    0    0    0    0    0    0    0    9  210000.0      0.20     300.0   0.00255
       1.0       0.0       0.0 1950000.0    4100.0   0.03216       0.0     0.400
       0.0       1.0       0.0 1950000.0    4100.0   0.00000     20.50     1.973
       0.0       0.0       1.0 1950000.0    4100.0   0.00000       0.0     2.677
ELEM    87  296  231  125  225  295  230  124  224    0    0    0    0    0
    0    0    0    0    0    0    0    9  210000.0      0.20     300.0   0.00255
       1.0       0.0       0.0 2100000.0    3450.0   0.00000       0.0     2.774
       0.0       1.0       0.0 2100000.0    3450.0   0.00000     20.50     1.973
       0.0       0.0       1.0 2100000.0    3450.0   0.00000       0.0     2.677
ELEM    88  252  133   33  128  296  231  125  225    0    0    0    0    0
    0    0    0    0    0    0    0    9  210000.0      0.20     300.0   0.00255
       1.0       0.0       0.0 1950000.0    4100.0   0.03216       0.0     0.400
       0.0       1.0       0.0 1950000.0    4100.0   0.00000     20.50     1.973
       0.0       0.0       1.0 1950000.0    4100.0   0.00000       0.0     2.677
ELEM    89  297  295  224  226  185  184   60   61    0    0    0    0    0
    0    0    0    0    0    0    0    9  210000.0      0.20     300.0   0.00255
       1.0       0.0       0.0 2100000.0    3450.0   0.00000       0.0     2.774
       0.0       1.0       0.0 2100000.0    3450.0   0.00000     20.50     1.973
       0.0       0.0       1.0 2100000.0    3450.0   0.00000       0.0     2.677
ELEM    90  298  296  225  227  297  295  224  226    0    0    0    0    0
    0    0    0    0    0    0    0    9  210000.0      0.20     300.0   0.00255
       1.0       0.0       0.0 2100000.0    3450.0   0.00000       0.0     2.774
       0.0       1.0       0.0 2100000.0    3450.0   0.00000     20.50     1.973
       0.0       0.0       1.0 2100000.0    3450.0   0.00000       0.0     2.677
ELEM    91  253  252  128  129  298  296  225  227    0    0    0    0    0
    0    0    0    0    0    0    0    9  210000.0      0.20     300.0   0.00255
       1.0       0.0       0.0 2100000.0    3450.0   0.00000       0.0     2.774
       0.0       1.0       0.0 2100000.0    3450.0   0.00000     20.50     1.973
       0.0       0.0       1.0 2100000.0    3450.0   0.00000       0.0     2.677
ELEM    92  299  297  226  228  186  185   61   62    0    0    0    0    0
    0    0    0    0    0    0    0    9  210000.0      0.20     300.0   0.00255
       1.0       0.0       0.0 2100000.0    3450.0   0.00000       0.0     2.774
       0.0       1.0       0.0 2100000.0    3450.0   0.00000     20.50     1.973
       0.0       0.0       1.0 2100000.0    3450.0   0.00000       0.0     2.677
ELEM    93  300  298  227  229  299  297  226  228    0    0    0    0    0
    0    0    0    0    0    0    0    9  210000.0      0.20     300.0   0.00255
       1.0       0.0       0.0 2100000.0    3450.0   0.00000       0.0     2.774
       0.0       1.0       0.0 2100000.0    3450.0   0.00000     20.50     1.973
       0.0       0.0       1.0 2100000.0    3450.0   0.00000       0.0     2.677
ELEM    94  254  253  129  130  300  298  227  229    0    0    0    0    0
    0    0    0    0    0    0    0    9  210000.0      0.20     300.0   0.00255
       1.0       0.0       0.0 2100000.0    3450.0   0.00000       0.0     2.774
       0.0       1.0       0.0 2100000.0    3450.0   0.00000     20.50     1.973
       0.0       0.0       1.0 2100000.0    3450.0   0.00000       0.0     2.677
ELEM    95  250  299  228  126   73  186   62    8    0    0    0    0    0
    0    0    0    0    0    0    0    9  210000.0      0.20     300.0   0.00255
       1.0       0.0       0.0 2100000.0    3450.0   0.00000       0.0     2.774
       0.0       1.0       0.0 2100000.0    3450.0   0.00000     20.50     1.973
       0.0       0.0       1.0 2100000.0    3450.0   0.00000       0.0     2.677
ELEM    96  251  300  229  127  250  299  228  126    0    0    0    0    0
    0    0    0    0    0    0    0    9  210000.0      0.20     300.0   0.00255
       1.0       0.0       0.0 2100000.0    3450.0   0.00000       0.0     2.774
       0.0       1.0       0.0 2100000.0    3450.0   0.00000     20.50     1.973
       0.0       0.0       1.0 2100000.0    3450.0   0.00000       0.0     2.677
ELEM    97  145  254  130   34  251  300  229  127    0    0    0    0    0
    0    0    0    0    0    0    0    9  210000.0      0.20     300.0   0.00255
       1.0       0.0       0.0 2100000.0    3450.0   0.00000       0.0     2.774
       0.0       1.0       0.0 2100000.0    3450.0   0.00000     20.50     1.973
       0.0       0.0       1.0 2100000.0    3450.0   0.00000       0.0     2.677
ELEM    98  301  232  230  295  187   64   63  184    0    0    0    0    0
    0    0    0    0    0    0    0    9  210000.0      0.20     300.0   0.00255
       1.0       0.0       0.0 1950000.0    4100.0   0.03216       0.0     0.400
       0.0       1.0       0.0 1950000.0    4100.0   0.00000     20.50     1.973
       0.0       0.0       1.0 1950000.0    4100.0   0.00000       0.0     2.677
ELEM    99  302  233  231  296  301  232  230  295    0    0    0    0    0
    0    0    0    0    0    0    0    9  210000.0      0.20     300.0   0.00255
       1.0       0.0       0.0 2100000.0    3450.0   0.00000       0.0     2.774
       0.0       1.0       0.0 2100000.0    3450.0   0.00000     20.50     1.973
       0.0       0.0       1.0 2100000.0    3450.0   0.00000       0.0     2.677
ELEM   100  255  134  133  252  302  233  231  296    0    0    0    0    0
    0    0    0    0    0    0    0    9  210000.0      0.20     300.0   0.00255
       1.0       0.0       0.0 1950000.0    4100.0   0.03216       0.0     0.400
       0.0       1.0       0.0 1950000.0    4100.0   0.00000     20.50     1.973
       0.0       0.0       1.0 1950000.0    4100.0   0.00000       0.0     2.677
ELEM   101  303  301  295  297  188  187  184  185    0    0    0    0    0
    0    0    0    0    0    0    0    9  210000.0      0.20     300.0   0.00255
       1.0       0.0       0.0 2100000.0    3450.0   0.00000       0.0     2.774
       0.0       1.0       0.0 2100000.0    3450.0   0.00000     20.50     1.973
       0.0       0.0       1.0 2100000.0    3450.0   0.00000       0.0     2.677
ELEM   102  304  302  296  298  303  301  295  297    0    0    0    0    0
    0    0    0    0    0    0    0    9  210000.0      0.20     300.0   0.00255
       1.0       0.0       0.0 2100000.0    3450.0   0.00000       0.0     2.774
       0.0       1.0       0.0 2100000.0    3450.0   0.00000     20.50     1.973
       0.0       0.0       1.0 2100000.0    3450.0   0.00000       0.0     2.677
ELEM   103  256  255  252  253  304  302  296  298    0    0    0    0    0
    0    0    0    0    0    0    0    9  210000.0      0.20     300.0   0.00255
       1.0       0.0       0.0 2100000.0    3450.0   0.00000       0.0     2.774
       0.0       1.0       0.0 2100000.0    3450.0   0.00000     20.50     1.973
       0.0       0.0       1.0 2100000.0    3450.0   0.00000       0.0     2.677
ELEM   104  305  303  297  299  189  188  185  186    0    0    0    0    0
    0    0    0    0    0    0    0    9  210000.0      0.20     300.0   0.00255
       1.0       0.0       0.0 2100000.0    3450.0   0.00000       0.0     2.774
       0.0       1.0       0.0 2100000.0    3450.0   0.00000     20.50     1.973
       0.0       0.0       1.0 2100000.0    3450.0   0.00000       0.0     2.677
ELEM   105  306  304  298  300  305  303  297  299    0    0    0    0    0
    0    0    0    0    0    0    0    9  210000.0      0.20     300.0   0.00255
       1.0       0.0       0.0 2100000.0    3450.0   0.00000       0.0     2.774
       0.0       1.0       0.0 2100000.0    3450.0   0.00000     20.50     1.973
       0.0       0.0       1.0 2100000.0    3450.0   0.00000       0.0     2.677
ELEM   106  257  256  253  254  306  304  298  300    0    0    0    0    0
    0    0    0    0    0    0    0    9  210000.0      0.20     300.0   0.00255
       1.0       0.0       0.0 2100000.0    3450.0   0.00000       0.0     2.774
       0.0       1.0       0.0 2100000.0    3450.0   0.00000     20.50     1.973
       0.0       0.0       1.0 2100000.0    3450.0   0.00000       0.0     2.677
ELEM   107  248  305  299  250   72  189  186   73    0    0    0    0    0
    0    0    0    0    0    0    0    9  210000.0      0.20     300.0   0.00255
       1.0       0.0       0.0 2100000.0    3450.0   0.00000       0.0     2.774
       0.0       1.0       0.0 2100000.0    3450.0   0.00000     20.50     1.973
       0.0       0.0       1.0 2100000.0    3450.0   0.00000       0.0     2.677
ELEM   108  249  306  300  251  248  305  299  250    0    0    0    0    0
    0    0    0    0    0    0    0    9  210000.0      0.20     300.0   0.00255
       1.0       0.0       0.0 2100000.0    3450.0   0.00000       0.0     2.774
       0.0       1.0       0.0 2100000.0    3450.0   0.00000     20.50     1.973
       0.0       0.0       1.0 2100000.0    3450.0   0.00000       0.0     2.677
ELEM   109  144  257  254  145  249  306  300  251    0    0    0    0    0
    0    0    0    0    0    0    0    9  210000.0      0.20     300.0   0.00255
       1.0       0.0       0.0 2100000.0    3450.0   0.00000       0.0     2.774
       0.0       1.0       0.0 2100000.0    3450.0   0.00000     20.50     1.973
       0.0       0.0       1.0 2100000.0    3450.0   0.00000       0.0     2.677
ELEM   110  307  234  232  301  190   65   64  187    0    0    0    0    0
    0    0    0    0    0    0    0    9  210000.0      0.20     300.0   0.00255
       1.0       0.0       0.0 1950000.0    4100.0   0.03216       0.0     0.400
       0.0       1.0       0.0 1950000.0    4100.0   0.00000     20.50     1.973
       0.0       0.0       1.0 1950000.0    4100.0   0.00000       0.0     2.677
ELEM   111  308  235  233  302  307  234  232  301    0    0    0    0    0
    0    0    0    0    0    0    0    9  210000.0      0.20     300.0   0.00255
       1.0       0.0       0.0 2100000.0    3450.0   0.00000       0.0     2.774
       0.0       1.0       0.0 2100000.0    3450.0   0.00000     20.50     1.973
       0.0       0.0       1.0 2100000.0    3450.0   0.00000       0.0     2.677
ELEM   112  258  135  134  255  308  235  233  302    0    0    0    0    0
    0    0    0    0    0    0    0    9  210000.0      0.20     300.0   0.00255
       1.0       0.0       0.0 1950000.0    4100.0   0.03216       0.0     0.400
       0.0       1.0       0.0 1950000.0    4100.0   0.00000     20.50     1.973
       0.0       0.0       1.0 1950000.0    4100.0   0.00000       0.0     2.677
ELEM   113  309  307  301  303  191  190  187  188    0    0    0    0    0
    0    0    0    0    0    0    0    9  210000.0      0.20     300.0   0.00255
       1.0       0.0       0.0 2100000.0    3450.0   0.00000       0.0     2.774
       0.0       1.0       0.0 2100000.0    3450.0   0.00000     20.50     1.973
       0.0       0.0       1.0 2100000.0    3450.0   0.00000       0.0     2.677
ELEM   114  310  308  302  304  309  307  301  303    0    0    0    0    0
    0    0    0    0    0    0    0    9  210000.0      0.20     300.0   0.00255
       1.0       0.0       0.0 2100000.0    3450.0   0.00000       0.0     2.774
       0.0       1.0       0.0 2100000.0    3450.0   0.00000     20.50     1.973
       0.0       0.0       1.0 2100000.0    3450.0   0.00000       0.0     2.677
ELEM   115  259  258  255  256  310  308  302  304    0    0    0    0    0
    0    0    0    0    0    0    0    9  210000.0      0.20     300.0   0.00255
       1.0       0.0       0.0 2100000.0    3450.0   0.00000       0.0     2.774
       0.0       1.0       0.0 2100000.0    3450.0   0.00000     20.50     1.973
       0.0       0.0       1.0 2100000.0    3450.0   0.00000       0.0     2.677
ELEM   116  311  309  303  305  192  191  188  189    0    0    0    0    0
    0    0    0    0    0    0    0    9  210000.0      0.20     300.0   0.00255
       1.0       0.0       0.0 2100000.0    3450.0   0.00000       0.0     2.774
       0.0       1.0       0.0 2100000.0    3450.0   0.00000     20.50     1.973
       0.0       0.0       1.0 2100000.0    3450.0   0.00000       0.0     2.677
ELEM   117  312  310  304  306  311  309  303  305    0    0    0    0    0
    0    0    0    0    0    0    0    9  210000.0      0.20     300.0   0.00255
       1.0       0.0       0.0 2100000.0    3450.0   0.00000       0.0     2.774
       0.0       1.0       0.0 2100000.0    3450.0   0.00000     20.50     1.973
       0.0       0.0       1.0 2100000.0    3450.0   0.00000       0.0     2.677
ELEM   118  260  259  256  257  312  310  304  306    0    0    0    0    0
    0    0    0    0    0    0    0    9  210000.0      0.20     300.0   0.00255
       1.0       0.0       0.0 2100000.0    3450.0   0.00000       0.0     2.774
       0.0       1.0       0.0 2100000.0    3450.0   0.00000     20.50     1.973
       0.0       0.0       1.0 2100000.0    3450.0   0.00000       0.0     2.677
ELEM   119  246  311  305  248   71  192  189   72    0    0    0    0    0
    0    0    0    0    0    0    0    9  210000.0      0.20     300.0   0.00255
       1.0       0.0       0.0 2100000.0    3450.0   0.00000       0.0     2.774
       0.0       1.0       0.0 2100000.0    3450.0   0.00000     20.50     1.973
       0.0       0.0       1.0 2100000.0    3450.0   0.00000       0.0     2.677
ELEM   120  247  312  306  249  246  311  305  248    0    0    0    0    0
    0    0    0    0    0    0    0    9  210000.0      0.20     300.0   0.00255
       1.0       0.0       0.0 2100000.0    3450.0   0.00000       0.0     2.774
       0.0       1.0       0.0 2100000.0    3450.0   0.00000     20.50     1.973
       0.0       0.0       1.0 2100000.0    3450.0   0.00000       0.0     2.677
ELEM   121  143  260  257  144  247  312  306  249    0    0    0    0    0
    0    0    0    0    0    0    0    9  210000.0      0.20     300.0   0.00255
       1.0       0.0       0.0 2100000.0    3450.0   0.00000       0.0     2.774
       0.0       1.0       0.0 2100000.0    3450.0   0.00000     20.50     1.973
       0.0       0.0       1.0 2100000.0    3450.0   0.00000       0.0     2.677
ELEM   122  313  236  234  307  193   66   65  190    0    0    0    0    0
    0    0    0    0    0    0    0    9  210000.0      0.20     300.0   0.00255
       1.0       0.0       0.0 1950000.0    4100.0   0.03216       0.0     0.400
       0.0       1.0       0.0 1950000.0    4100.0   0.00000     20.50     1.973
       0.0       0.0       1.0 1950000.0    4100.0   0.00000       0.0     2.677
ELEM   123  314  237  235  308  313  236  234  307    0    0    0    0    0
    0    0    0    0    0    0    0    9  210000.0      0.20     300.0   0.00255
       1.0       0.0       0.0 2100000.0    3450.0   0.00000       0.0     2.774
       0.0       1.0       0.0 2100000.0    3450.0   0.00000     20.50     1.973
       0.0       0.0       1.0 2100000.0    3450.0   0.00000       0.0     2.677
ELEM   124  261  136  135  258  314  237  235  308    0    0    0    0    0
    0    0    0    0    0    0    0    9  210000.0      0.20     300.0   0.00255
       1.0       0.0       0.0 1950000.0    4100.0   0.03216       0.0     0.400
       0.0       1.0       0.0 1950000.0    4100.0   0.00000     20.50     1.973
       0.0       0.0       1.0 1950000.0    4100.0   0.00000       0.0     2.677
ELEM   125  315  313  307  309  194  193  190  191    0    0    0    0    0
    0    0    0    0    0    0    0    9  210000.0      0.20     300.0   0.00255
       1.0       0.0       0.0 2100000.0    3450.0   0.00000       0.0     2.774
       0.0       1.0       0.0 2100000.0    3450.0   0.00000     20.50     1.973
       0.0       0.0       1.0 2100000.0    3450.0   0.00000       0.0     2.677
ELEM   126  316  314  308  310  315  313  307  309    0    0    0    0    0
    0    0    0    0    0    0    0    9  210000.0      0.20     300.0   0.00255
       1.0       0.0       0.0 2100000.0    3450.0   0.00000       0.0     2.774
       0.0       1.0       0.0 2100000.0    3450.0   0.00000     20.50     1.973
       0.0       0.0       1.0 2100000.0    3450.0   0.00000       0.0     2.677
ELEM   127  262  261  258  259  316  314  308  310    0    0    0    0    0
    0    0    0    0    0    0    0    9  210000.0      0.20     300.0   0.00255
       1.0       0.0       0.0 2100000.0    3450.0   0.00000       0.0     2.774
       0.0       1.0       0.0 2100000.0    3450.0   0.00000     20.50     1.973
       0.0       0.0       1.0 2100000.0    3450.0   0.00000       0.0     2.677
ELEM   128  317  315  309  311  195  194  191  192    0    0    0    0    0
    0    0    0    0    0    0    0    9  210000.0      0.20     300.0   0.00255
       1.0       0.0       0.0 2100000.0    3450.0   0.00000       0.0     2.774
       0.0       1.0       0.0 2100000.0    3450.0   0.00000     20.50     1.973
       0.0       0.0       1.0 2100000.0    3450.0   0.00000       0.0     2.677
ELEM   129  318  316  310  312  317  315  309  311    0    0    0    0    0
    0    0    0    0    0    0    0    9  210000.0      0.20     300.0   0.00255
       1.0       0.0       0.0 2100000.0    3450.0   0.00000       0.0     2.774
       0.0       1.0       0.0 2100000.0    3450.0   0.00000     20.50     1.973
       0.0       0.0       1.0 2100000.0    3450.0   0.00000       0.0     2.677
ELEM   130  263  262  259  260  318  316  310  312    0    0    0    0    0
    0    0    0    0    0    0    0    9  210000.0      0.20     300.0   0.00255
       1.0       0.0       0.0 2100000.0    3450.0   0.00000       0.0     2.774
       0.0       1.0       0.0 2100000.0    3450.0   0.00000     20.50     1.973
       0.0       0.0       1.0 2100000.0    3450.0   0.00000       0.0     2.677
ELEM   131  244  317  311  246   70  195  192   71    0    0    0    0    0
    0    0    0    0    0    0    0    9  210000.0      0.20     300.0   0.00255
       1.0       0.0       0.0 2100000.0    3450.0   0.00000       0.0     2.774
       0.0       1.0       0.0 2100000.0    3450.0   0.00000     20.50     1.973
       0.0       0.0       1.0 2100000.0    3450.0   0.00000       0.0     2.677
ELEM   132  245  318  312  247  244  317  311  246    0    0    0    0    0
    0    0    0    0    0    0    0    9  210000.0      0.20     300.0   0.00255
       1.0       0.0       0.0 2100000.0    3450.0   0.00000       0.0     2.774
       0.0       1.0       0.0 2100000.0    3450.0   0.00000     20.50     1.973
       0.0       0.0       1.0 2100000.0    3450.0   0.00000       0.0     2.677
ELEM   133  142  263  260  143  245  318  312  247    0    0    0    0    0
    0    0    0    0    0    0    0    9  210000.0      0.20     300.0   0.00255
       1.0       0.0       0.0 2100000.0    3450.0   0.00000       0.0     2.774
       0.0       1.0       0.0 2100000.0    3450.0   0.00000     20.50     1.973
       0.0       0.0       1.0 2100000.0    3450.0   0.00000       0.0     2.677
ELEM   134  238  131  236  313   67    9   66  193    0    0    0    0    0
    0    0    0    0    0    0    0    9  210000.0      0.20     300.0   0.00255
       1.0       0.0       0.0 1950000.0    4100.0   0.03216       0.0     0.400
       0.0       1.0       0.0 1950000.0    4100.0   0.00000     20.50     1.973
       0.0       0.0       1.0 1950000.0    4100.0   0.00000       0.0     2.677
ELEM   135  239  132  237  314  238  131  236  313    0    0    0    0    0
    0    0    0    0    0    0    0    9  210000.0      0.20     300.0   0.00255
       1.0       0.0       0.0 2100000.0    3450.0   0.00000       0.0     2.774
       0.0       1.0       0.0 2100000.0    3450.0   0.00000     20.50     1.973
       0.0       0.0       1.0 2100000.0    3450.0   0.00000       0.0     2.677
ELEM   136  139   35  136  261  239  132  237  314    0    0    0    0    0
    0    0    0    0    0    0    0    9  210000.0      0.20     300.0   0.00255
       1.0       0.0       0.0 1950000.0    4100.0   0.03216       0.0     0.400
       0.0       1.0       0.0 1950000.0    4100.0   0.00000     20.50     1.973
       0.0       0.0       1.0 1950000.0    4100.0   0.00000       0.0     2.677
ELEM   137  240  238  313  315   68   67  193  194    0    0    0    0    0
    0    0    0    0    0    0    0    9  210000.0      0.20     300.0   0.00255
       1.0       0.0       0.0 2100000.0    3450.0   0.00000       0.0     2.774
       0.0       1.0       0.0 2100000.0    3450.0   0.00000     20.50     1.973
       0.0       0.0       1.0 2100000.0    3450.0   0.00000       0.0     2.677
ELEM   138  241  239  314  316  240  238  313  315    0    0    0    0    0
    0    0    0    0    0    0    0    9  210000.0      0.20     300.0   0.00255
       1.0       0.0       0.0 2100000.0    3450.0   0.00000       0.0     2.774
       0.0       1.0       0.0 2100000.0    3450.0   0.00000     20.50     1.973
       0.0       0.0       1.0 2100000.0    3450.0   0.00000       0.0     2.677
ELEM   139  140  139  261  262  241  239  314  316    0    0    0    0    0
    0    0    0    0    0    0    0    9  210000.0      0.20     300.0   0.00255
       1.0       0.0       0.0 2100000.0    3450.0   0.00000       0.0     2.774
       0.0       1.0       0.0 2100000.0    3450.0   0.00000     20.50     1.973
       0.0       0.0       1.0 2100000.0    3450.0   0.00000       0.0     2.677
ELEM   140  242  240  315  317   69   68  194  195    0    0    0    0    0
    0    0    0    0    0    0    0    9  210000.0      0.20     300.0   0.00255
       1.0       0.0       0.0 2100000.0    3450.0   0.00000       0.0     2.774
       0.0       1.0       0.0 2100000.0    3450.0   0.00000     20.50     1.973
       0.0       0.0       1.0 2100000.0    3450.0   0.00000       0.0     2.677
ELEM   141  243  241  316  318  242  240  315  317    0    0    0    0    0
    0    0    0    0    0    0    0    9  210000.0      0.20     300.0   0.00255
       1.0       0.0       0.0 2100000.0    3450.0   0.00000       0.0     2.774
       0.0       1.0       0.0 2100000.0    3450.0   0.00000     20.50     1.973
       0.0       0.0       1.0 2100000.0    3450.0   0.00000       0.0     2.677
ELEM   142  141  140  262  263  243  241  316  318    0    0    0    0    0
    0    0    0    0    0    0    0    9  210000.0      0.20     300.0   0.00255
       1.0       0.0       0.0 2100000.0    3450.0   0.00000       0.0     2.774
       0.0       1.0       0.0 2100000.0    3450.0   0.00000     20.50     1.973
       0.0       0.0       1.0 2100000.0    3450.0   0.00000       0.0     2.677
ELEM   143  137  242  317  244   10   69  195   70    0    0    0    0    0
    0    0    0    0    0    0    0    9  210000.0      0.20     300.0   0.00255
       1.0       0.0       0.0 2100000.0    3450.0   0.00000       0.0     2.774
       0.0       1.0       0.0 2100000.0    3450.0   0.00000     20.50     1.973
       0.0       0.0       1.0 2100000.0    3450.0   0.00000       0.0     2.677
ELEM   144  138  243  318  245  137  242  317  244    0    0    0    0    0
    0    0    0    0    0    0    0    9  210000.0      0.20     300.0   0.00255
       1.0       0.0       0.0 2100000.0    3450.0   0.00000       0.0     2.774
       0.0       1.0       0.0 2100000.0    3450.0   0.00000     20.50     1.973
       0.0       0.0       1.0 2100000.0    3450.0   0.00000       0.0     2.677
ELEM   145   36  141  263  142  138  243  318  245    0    0    0    0    0
    0    0    0    0    0    0    0    9  210000.0      0.20     300.0   0.00255
       1.0       0.0       0.0 2100000.0    3450.0   0.00000       0.0     2.774
       0.0       1.0       0.0 2100000.0    3450.0   0.00000     20.50     1.973
       0.0       0.0       1.0 2100000.0    3450.0   0.00000       0.0     2.677
ELEM   146  264  146  131  238   74   11    9   67    0    0    0    0    0
    0    0    0    0    0    0    0    9  210000.0      0.20     300.0   0.00255
       1.0       0.0       0.0 1950000.0    4100.0   0.03216       0.0     0.400
       0.0       1.0       0.0 1950000.0    4100.0   0.00000     20.50     1.973
       0.0       0.0       1.0 1950000.0    4100.0   0.00000       0.0     2.677
ELEM   147  265  147  132  239  264  146  131  238    0    0    0    0    0
    0    0    0    0    0    0    0    9  210000.0      0.20     300.0   0.00255
       1.0       0.0       0.0 2100000.0    3450.0   0.00000       0.0     1.488
       0.0       1.0       0.0 2100000.0    3450.0   0.00000     20.50     1.973
       0.0       0.0       1.0 2100000.0    3450.0   0.00000       0.0     2.677
ELEM   148  150   37   35  139  265  147  132  239    0    0    0    0    0
    0    0    0    0    0    0    0    9  210000.0      0.20     300.0   0.00255
       1.0       0.0       0.0 1950000.0    4100.0   0.03216       0.0     0.400
       0.0       1.0       0.0 1950000.0    4100.0   0.00000     20.50     1.973
       0.0       0.0       1.0 1950000.0    4100.0   0.00000       0.0     2.677
ELEM   149  266  264  238  240   75   74   67   68    0    0    0    0    0
    0    0    0    0    0    0    0    9  210000.0      0.20     300.0   0.00255
       1.0       0.0       0.0 2100000.0    3450.0   0.00000       0.0     1.488
       0.0       1.0       0.0 2100000.0    3450.0   0.00000     20.50     1.973
       0.0       0.0       1.0 2100000.0    3450.0   0.00000       0.0     2.677
ELEM   150  267  265  239  241  266  264  238  240    0    0    0    0    0
    0    0    0    0    0    0    0    9  210000.0      0.20     300.0   0.00255
       1.0       0.0       0.0 2100000.0    3450.0   0.00000       0.0     1.488
       0.0       1.0       0.0 2100000.0    3450.0   0.00000     20.50     1.973
       0.0       0.0       1.0 2100000.0    3450.0   0.00000       0.0     2.677
ELEM   151  151  150  139  140  267  265  239  241    0    0    0    0    0
    0    0    0    0    0    0    0    9  210000.0      0.20     300.0   0.00255
       1.0       0.0       0.0 2100000.0    3450.0   0.00000       0.0     1.488
       0.0       1.0       0.0 2100000.0    3450.0   0.00000     20.50     1.973
       0.0       0.0       1.0 2100000.0    3450.0   0.00000       0.0     2.677
ELEM   152  268  266  240  242   76   75   68   69    0    0    0    0    0
    0    0    0    0    0    0    0    9  210000.0      0.20     300.0   0.00255
       1.0       0.0       0.0 2100000.0    3450.0   0.00000       0.0     1.488
       0.0       1.0       0.0 2100000.0    3450.0   0.00000     20.50     1.973
       0.0       0.0       1.0 2100000.0    3450.0   0.00000       0.0     2.677
ELEM   153  269  267  241  243  268  266  240  242    0    0    0    0    0
    0    0    0    0    0    0    0    9  210000.0      0.20     300.0   0.00255
       1.0       0.0       0.0 2100000.0    3450.0   0.00000       0.0     1.488
       0.0       1.0       0.0 2100000.0    3450.0   0.00000     20.50     1.973
       0.0       0.0       1.0 2100000.0    3450.0   0.00000       0.0     2.677
ELEM   154  152  151  140  141  269  267  241  243    0    0    0    0    0
    0    0    0    0    0    0    0    9  210000.0      0.20     300.0   0.00255
       1.0       0.0       0.0 2100000.0    3450.0   0.00000       0.0     1.488
       0.0       1.0       0.0 2100000.0    3450.0   0.00000     20.50     1.973
       0.0       0.0       1.0 2100000.0    3450.0   0.00000       0.0     2.677
ELEM   155  148  268  242  137   12   76   69   10    0    0    0    0    0
    0    0    0    0    0    0    0    9  210000.0      0.20     300.0   0.00255
       1.0       0.0       0.0 2100000.0    3450.0   0.00000       0.0     1.488
       0.0       1.0       0.0 2100000.0    3450.0   0.00000     20.50     1.973
       0.0       0.0       1.0 2100000.0    3450.0   0.00000       0.0     2.677
ELEM   156  149  269  243  138  148  268  242  137    0    0    0    0    0
    0    0    0    0    0    0    0    9  210000.0      0.20     300.0   0.00255
       1.0       0.0       0.0 2100000.0    3450.0   0.00000       0.0     1.488
       0.0       1.0       0.0 2100000.0    3450.0   0.00000     20.50     1.973
       0.0       0.0       1.0 2100000.0    3450.0   0.00000       0.0     2.677
ELEM   157   38  152  141   36  149  269  243  138    0    0    0    0    0
    0    0    0    0    0    0    0    9  210000.0      0.20     300.0   0.00255
       1.0       0.0       0.0 2100000.0    3450.0   0.00000       0.0     1.488
       0.0       1.0       0.0 2100000.0    3450.0   0.00000     20.50     1.973
       0.0       0.0       1.0 2100000.0    3450.0   0.00000       0.0     2.677
ELEM   158  270  153  146  264   77   13   11   74    0    0    0    0    0
    0    0    0    0    0    0    0    9  210000.0      0.20     300.0   0.00255
       1.0       0.0       0.0 1950000.0    4100.0   0.03216       0.0     0.400
       0.0       1.0       0.0 1950000.0    4100.0   0.00000     20.50     1.973
       0.0       0.0       1.0 1950000.0    4100.0   0.00000       0.0     2.677
ELEM   159  271  154  147  265  270  153  146  264    0    0    0    0    0
    0    0    0    0    0    0    0    9  210000.0      0.20     300.0   0.00255
       1.0       0.0       0.0 2100000.0    3450.0   0.00000       0.0     1.488
       0.0       1.0       0.0 2100000.0    3450.0   0.00000     20.50     1.973
       0.0       0.0       1.0 2100000.0    3450.0   0.00000       0.0     2.677
ELEM   160  157   39   37  150  271  154  147  265    0    0    0    0    0
    0    0    0    0    0    0    0    9  210000.0      0.20     300.0   0.00255
       1.0       0.0       0.0 1950000.0    4100.0   0.03216       0.0     0.400
       0.0       1.0       0.0 1950000.0    4100.0   0.00000     20.50     1.973
       0.0       0.0       1.0 1950000.0    4100.0   0.00000       0.0     2.677
ELEM   161  272  270  264  266   78   77   74   75    0    0    0    0    0
    0    0    0    0    0    0    0    9  210000.0      0.20     300.0   0.00255
       1.0       0.0       0.0 2100000.0    3450.0   0.00000       0.0     1.488
       0.0       1.0       0.0 2100000.0    3450.0   0.00000     20.50     1.973
       0.0       0.0       1.0 2100000.0    3450.0   0.00000       0.0     2.677
ELEM   162  273  271  265  267  272  270  264  266    0    0    0    0    0
    0    0    0    0    0    0    0    9  210000.0      0.20     300.0   0.00255
       1.0       0.0       0.0 2100000.0    3450.0   0.00000       0.0     1.488
       0.0       1.0       0.0 2100000.0    3450.0   0.00000     20.50     1.973
       0.0       0.0       1.0 2100000.0    3450.0   0.00000       0.0     2.677
ELEM   163  158  157  150  151  273  271  265  267    0    0    0    0    0
    0    0    0    0    0    0    0    9  210000.0      0.20     300.0   0.00255
       1.0       0.0       0.0 2100000.0    3450.0   0.00000       0.0     1.488
       0.0       1.0       0.0 2100000.0    3450.0   0.00000     20.50     1.973
       0.0       0.0       1.0 2100000.0    3450.0   0.00000       0.0     2.677
ELEM   164  274  272  266  268   79   78   75   76    0    0    0    0    0
    0    0    0    0    0    0    0    9  210000.0      0.20     300.0   0.00255
       1.0       0.0       0.0 2100000.0    3450.0   0.00000       0.0     1.488
       0.0       1.0       0.0 2100000.0    3450.0   0.00000     20.50     1.973
       0.0       0.0       1.0 2100000.0    3450.0   0.00000       0.0     2.677
ELEM   165  275  273  267  269  274  272  266  268    0    0    0    0    0
    0    0    0    0    0    0    0    9  210000.0      0.20     300.0   0.00255
       1.0       0.0       0.0 2100000.0    3450.0   0.00000       0.0     1.488
       0.0       1.0       0.0 2100000.0    3450.0   0.00000     20.50     1.973
       0.0       0.0       1.0 2100000.0    3450.0   0.00000       0.0     2.677
ELEM   166  159  158  151  152  275  273  267  269    0    0    0    0    0
    0    0    0    0    0    0    0    9  210000.0      0.20     300.0   0.00255
       1.0       0.0       0.0 2100000.0    3450.0   0.00000       0.0     1.488
       0.0       1.0       0.0 2100000.0    3450.0   0.00000     20.50     1.973
       0.0       0.0       1.0 2100000.0    3450.0   0.00000       0.0     2.677
ELEM   167  155  274  268  148   14   79   76   12    0    0    0    0    0
    0    0    0    0    0    0    0    9  210000.0      0.20     300.0   0.00255
       1.0       0.0       0.0 2100000.0    3450.0   0.00000       0.0     1.488
       0.0       1.0       0.0 2100000.0    3450.0   0.00000     20.50     1.973
       0.0       0.0       1.0 2100000.0    3450.0   0.00000       0.0     2.677
ELEM   168  156  275  269  149  155  274  268  148    0    0    0    0    0
    0    0    0    0    0    0    0    9  210000.0      0.20     300.0   0.00255
       1.0       0.0       0.0 2100000.0    3450.0   0.00000       0.0     1.488
       0.0       1.0       0.0 2100000.0    3450.0   0.00000     20.50     1.973
       0.0       0.0       1.0 2100000.0    3450.0   0.00000       0.0     2.677
ELEM   169   40  159  152   38  156  275  269  149    0    0    0    0    0
    0    0    0    0    0    0    0    9  210000.0      0.20     300.0   0.00255
       1.0       0.0       0.0 2100000.0    3450.0   0.00000       0.0     1.488
       0.0       1.0       0.0 2100000.0    3450.0   0.00000     20.50     1.973
       0.0       0.0       1.0 2100000.0    3450.0   0.00000       0.0     2.677
ELEM   170  319  276  153  270  196   80   13   77    0    0    0    0    0
    0    0    0    0    0    0    0    9  210000.0      0.20     300.0   0.00255
       1.0       0.0       0.0 1950000.0    4100.0   0.03216       0.0     0.400
       0.0       1.0       0.0 1950000.0    4100.0   0.00000     20.50     1.973
       0.0       0.0       1.0 1950000.0    4100.0   0.00000       0.0     2.677
ELEM   171  320  277  154  271  319  276  153  270    0    0    0    0    0
    0    0    0    0    0    0    0    9  210000.0      0.20     300.0   0.00255
       1.0       0.0       0.0 2100000.0    3450.0   0.00000       0.0     2.235
       0.0       1.0       0.0 2100000.0    3450.0   0.00000     20.50     1.973
       0.0       0.0       1.0 2100000.0    3450.0   0.00000       0.0     2.677
ELEM   172  286  162   39  157  320  277  154  271    0    0    0    0    0
    0    0    0    0    0    0    0    9  210000.0      0.20     300.0   0.00255
       1.0       0.0       0.0 1950000.0    4100.0   0.03216       0.0     0.400
       0.0       1.0       0.0 1950000.0    4100.0   0.00000     20.50     1.973
       0.0       0.0       1.0 1950000.0    4100.0   0.00000       0.0     2.677
ELEM   173  321  319  270  272  197  196   77   78    0    0    0    0    0
    0    0    0    0    0    0    0    9  210000.0      0.20     300.0   0.00255
       1.0       0.0       0.0 2100000.0    3450.0   0.00000       0.0     2.235
       0.0       1.0       0.0 2100000.0    3450.0   0.00000     20.50     1.973
       0.0       0.0       1.0 2100000.0    3450.0   0.00000       0.0     2.677
ELEM   174  322  320  271  273  321  319  270  272    0    0    0    0    0
    0    0    0    0    0    0    0    9  210000.0      0.20     300.0   0.00255
       1.0       0.0       0.0 2100000.0    3450.0   0.00000       0.0     2.235
       0.0       1.0       0.0 2100000.0    3450.0   0.00000     20.50     1.973
       0.0       0.0       1.0 2100000.0    3450.0   0.00000       0.0     2.677
ELEM   175  287  286  157  158  322  320  271  273    0    0    0    0    0
    0    0    0    0    0    0    0    9  210000.0      0.20     300.0   0.00255
       1.0       0.0       0.0 2100000.0    3450.0   0.00000       0.0     2.235
       0.0       1.0       0.0 2100000.0    3450.0   0.00000     20.50     1.973
       0.0       0.0       1.0 2100000.0    3450.0   0.00000       0.0     2.677
ELEM   176  323  321  272  274  198  197   78   79    0    0    0    0    0
    0    0    0    0    0    0    0    9  210000.0      0.20     300.0   0.00255
       1.0       0.0       0.0 2100000.0    3450.0   0.00000       0.0     2.235
       0.0       1.0       0.0 2100000.0    3450.0   0.00000     20.50     1.973
       0.0       0.0       1.0 2100000.0    3450.0   0.00000       0.0     2.677
ELEM   177  324  322  273  275  323  321  272  274    0    0    0    0    0
    0    0    0    0    0    0    0    9  210000.0      0.20     300.0   0.00255
       1.0       0.0       0.0 2100000.0    3450.0   0.00000       0.0     2.235
       0.0       1.0       0.0 2100000.0    3450.0   0.00000     20.50     1.973
       0.0       0.0       1.0 2100000.0    3450.0   0.00000       0.0     2.677
ELEM   178  288  287  158  159  324  322  273  275    0    0    0    0    0
    0    0    0    0    0    0    0    9  210000.0      0.20     300.0   0.00255
       1.0       0.0       0.0 2100000.0    3450.0   0.00000       0.0     2.235
       0.0       1.0       0.0 2100000.0    3450.0   0.00000     20.50     1.973
       0.0       0.0       1.0 2100000.0    3450.0   0.00000       0.0     2.677
ELEM   179  284  323  274  155   84  198   79   14    0    0    0    0    0
    0    0    0    0    0    0    0    9  210000.0      0.20     300.0   0.00255
       1.0       0.0       0.0 2100000.0    3450.0   0.00000       0.0     2.235
       0.0       1.0       0.0 2100000.0    3450.0   0.00000     20.50     1.973
       0.0       0.0       1.0 2100000.0    3450.0   0.00000       0.0     2.677
ELEM   180  285  324  275  156  284  323  274  155    0    0    0    0    0
    0    0    0    0    0    0    0    9  210000.0      0.20     300.0   0.00255
       1.0       0.0       0.0 2100000.0    3450.0   0.00000       0.0     2.235
       0.0       1.0       0.0 2100000.0    3450.0   0.00000     20.50     1.973
       0.0       0.0       1.0 2100000.0    3450.0   0.00000       0.0     2.677
ELEM   181  168  288  159   40  285  324  275  156    0    0    0    0    0
    0    0    0    0    0    0    0    9  210000.0      0.20     300.0   0.00255
       1.0       0.0       0.0 2100000.0    3450.0   0.00000       0.0     2.235
       0.0       1.0       0.0 2100000.0    3450.0   0.00000     20.50     1.973
       0.0       0.0       1.0 2100000.0    3450.0   0.00000       0.0     2.677
ELEM   182  278  160  276  319   81   15   80  196    0    0    0    0    0
    0    0    0    0    0    0    0    9  210000.0      0.20     300.0   0.00255
       1.0       0.0       0.0 1950000.0    4100.0   0.03216       0.0     0.400
       0.0       1.0       0.0 1950000.0    4100.0   0.00000     20.50     1.973
       0.0       0.0       1.0 1950000.0    4100.0   0.00000       0.0     2.677
ELEM   183  279  161  277  320  278  160  276  319    0    0    0    0    0
    0    0    0    0    0    0    0    9  210000.0      0.20     300.0   0.00255
       1.0       0.0       0.0 2100000.0    3450.0   0.00000       0.0     2.235
       0.0       1.0       0.0 2100000.0    3450.0   0.00000     20.50     1.973
       0.0       0.0       1.0 2100000.0    3450.0   0.00000       0.0     2.677
ELEM   184  165   41  162  286  279  161  277  320    0    0    0    0    0
    0    0    0    0    0    0    0    9  210000.0      0.20     300.0   0.00255
       1.0       0.0       0.0 1950000.0    4100.0   0.03216       0.0     0.400
       0.0       1.0       0.0 1950000.0    4100.0   0.00000     20.50     1.973
       0.0       0.0       1.0 1950000.0    4100.0   0.00000       0.0     2.677
ELEM   185  280  278  319  321   82   81  196  197    0    0    0    0    0
    0    0    0    0    0    0    0    9  210000.0      0.20     300.0   0.00255
       1.0       0.0       0.0 2100000.0    3450.0   0.00000       0.0     2.235
       0.0       1.0       0.0 2100000.0    3450.0   0.00000     20.50     1.973
       0.0       0.0       1.0 2100000.0    3450.0   0.00000       0.0     2.677
ELEM   186  281  279  320  322  280  278  319  321    0    0    0    0    0
    0    0    0    0    0    0    0    9  210000.0      0.20     300.0   0.00255
       1.0       0.0       0.0 2100000.0    3450.0   0.00000       0.0     2.235
       0.0       1.0       0.0 2100000.0    3450.0   0.00000     20.50     1.973
       0.0       0.0       1.0 2100000.0    3450.0   0.00000       0.0     2.677
ELEM   187  166  165  286  287  281  279  320  322    0    0    0    0    0
    0    0    0    0    0    0    0    9  210000.0      0.20     300.0   0.00255
       1.0       0.0       0.0 2100000.0    3450.0   0.00000       0.0     2.235
       0.0       1.0       0.0 2100000.0    3450.0   0.00000     20.50     1.973
       0.0       0.0       1.0 2100000.0    3450.0   0.00000       0.0     2.677
ELEM   188  282  280  321  323   83   82  197  198    0    0    0    0    0
    0    0    0    0    0    0    0    9  210000.0      0.20     300.0   0.00255
       1.0       0.0       0.0 2100000.0    3450.0   0.00000       0.0     2.235
       0.0       1.0       0.0 2100000.0    3450.0   0.00000     20.50     1.973
       0.0       0.0       1.0 2100000.0    3450.0   0.00000       0.0     2.677
ELEM   189  283  281  322  324  282  280  321  323    0    0    0    0    0
    0    0    0    0    0    0    0    9  210000.0      0.20     300.0   0.00255
       1.0       0.0       0.0 2100000.0    3450.0   0.00000       0.0     2.235
       0.0       1.0       0.0 2100000.0    3450.0   0.00000     20.50     1.973
       0.0       0.0       1.0 2100000.0    3450.0   0.00000       0.0     2.677
ELEM   190  167  166  287  288  283  281  322  324    0    0    0    0    0
    0    0    0    0    0    0    0    9  210000.0      0.20     300.0   0.00255
       1.0       0.0       0.0 2100000.0    3450.0   0.00000       0.0     2.235
       0.0       1.0       0.0 2100000.0    3450.0   0.00000     20.50     1.973
       0.0       0.0       1.0 2100000.0    3450.0   0.00000       0.0     2.677
ELEM   191  163  282  323  284   16   83  198   84    0    0    0    0    0
    0    0    0    0    0    0    0    9  210000.0      0.20     300.0   0.00255
       1.0       0.0       0.0 2100000.0    3450.0   0.00000       0.0     2.235
       0.0       1.0       0.0 2100000.0    3450.0   0.00000     20.50     1.973
       0.0       0.0       1.0 2100000.0    3450.0   0.00000       0.0     2.677
ELEM   192  164  283  324  285  163  282  323  284    0    0    0    0    0
    0    0    0    0    0    0    0    9  210000.0      0.20     300.0   0.00255
       1.0       0.0       0.0 2100000.0    3450.0   0.00000       0.0     2.235
       0.0       1.0       0.0 2100000.0    3450.0   0.00000     20.50     1.973
       0.0       0.0       1.0 2100000.0    3450.0   0.00000       0.0     2.677
ELEM   193   42  167  288  168  164  283  324  285    0    0    0    0    0
    0    0    0    0    0    0    0    9  210000.0      0.20     300.0   0.00255
       1.0       0.0       0.0 2100000.0    3450.0   0.00000       0.0     2.235
       0.0       1.0       0.0 2100000.0    3450.0   0.00000     20.50     1.973
       0.0       0.0       1.0 2100000.0    3450.0   0.00000       0.0     2.677
ELEM   194  171  169  103  117   18   17    2    5    0    0    0    0    0
    0    0    0    0    0    0    0    1 2100000.0      0.20     400.0   0.00255
ELEM   195  172  170  104  118  171  169  103  117    0    0    0    0    0
    0    0    0    0    0    0    0    1 2100000.0      0.20     400.0   0.00255
ELEM   196   44   43   28   31  172  170  104  118    0    0    0    0    0
    0    0    0    0    0    0    0    1 2100000.0      0.20     400.0   0.00255
ELEM   197  171  117  124  173   18    5    7   19    0    0    0    0    0
    0    0    0    0    0    0    0    1 2100000.0      0.20     400.0   0.00255
ELEM   198  172  118  125  174  171  117  124  173    0    0    0    0    0
    0    0    0    0    0    0    0    1 2100000.0      0.20     400.0   0.00255
ELEM   199   44   31   33   45  172  118  125  174    0    0    0    0    0
    0    0    0    0    0    0    0    1 2100000.0      0.20     400.0   0.00255
ELEM   200  148  137  175  177   12   10   20   21    0    0    0    0    0
    0    0    0    0    0    0    0    1 2100000.0      0.20     400.0   0.00255
ELEM   201  149  138  176  178  148  137  175  177    0    0    0    0    0
    0    0    0    0    0    0    0    1 2100000.0      0.20     400.0   0.00255
ELEM   202   38   36   46   47  149  138  176  178    0    0    0    0    0
    0    0    0    0    0    0    0    1 2100000.0      0.20     400.0   0.00255
ELEM   203  155  148  177  179   14   12   21   22    0    0    0    0    0
    0    0    0    0    0    0    0    1 2100000.0      0.20     400.0   0.00255
ELEM   204  156  149  178  180  155  148  177  179    0    0    0    0    0
    0    0    0    0    0    0    0    1 2100000.0      0.20     400.0   0.00255
ELEM   205   40   38   47   48  156  149  178  180    0    0    0    0    0
    0    0    0    0    0    0    0    1 2100000.0      0.20     400.0   0.00255
LOAD

STEP     1    0.0010      0.00      0.00    100.00    
STEP     2    0.0020      0.00      0.00    250.00    
STEP     3    0.0030      0.00      0.00    500.00    
STEP     4    0.0040      0.00      0.00    750.00    
STEP     5    0.0050      0.00      0.00    980.00    
END
