TEST PROGRAM FOR COM3{910}(Sample of Frame Element with 2 cross Sec.)
02050000000000000000  
NODE
NODE     1       .00       .00       .00                    111
NODE     2       .00       .00     10.00                    000
NODE     3       .00       .00     20.00                    000
NODE     4       .00       .00     30.00                    000
NODE     5       .00       .00     40.00                    000
NODE     6       .00       .00     55.00                    000
NODE     7       .00       .00     70.00                    000
NODE     8       .00       .00     92.50                    000
NODE     9       .00       .00    115.00                    010
NODE    10       .00       .00       .00                    111
NODE    11       .00       .00     10.00                    000
NODE    12       .00       .00     20.00                    000
NODE    13       .00       .00     30.00                    000
NODE    14       .00       .00     40.00                    000
NODE    15       .00       .00     55.00                    000
NODE    16       .00       .00     70.00                    000
NODE    17       .00       .00     92.50                    000
NODE    18       .00       .00    115.00                    000
NODE    19       .00      5.00       .00                    111
NODE    20       .00      5.00     10.00                    111
NODE    21       .00      5.00     30.00                    111
NODE    22       .00      5.00     60.00                    111
SECT  
SET      1
      0.00      0.00      0.17      0.24
      0.00      0.00      1.90      3.20  
      0.00      0.00      0.00      0.00
      1.00      1.00      1.00      1.00
      0.00      0.00      0.00      0.00
      1.00      1.00      1.00      1.00
      0.00      0.00      0.00      0.00
      0.00      0.00      0.00      0.00
      0.00      0.00      0.00      0.00
      0.00      0.00      0.00      0.00
      0.00      0.00      0.00      0.00
    2   20   20       30.      30.
22222222222222222222
24444444444444444442
24222222222222222242
24222222222222222242
24223333333333332242
24223222222222232242
24223222222222232242
24223222222222232242
24223222222222232242
24223222222222232242
24223222222222232242
24223222222222232242
24223222222222232242
24223222222222232242
24223222222222232242
24223333333333332242
24222222222222222242
24222222222222222242
24444444444444444442
22222222222222222222
SET      2
      0.00      0.00      0.17      0.24 
      0.00      0.00      1.90      3.20  
      0.00      0.00      0.00      0.00
      1.00      1.00      1.00      1.00
      0.00      0.00      0.00      0.00
      1.00      1.00      1.00      1.00
      0.00      0.00      0.00      0.00
      0.00      0.00      0.00      0.00
      0.00      0.00      0.00      0.00
      0.00      0.00      0.00      0.00
      0.00      0.00      0.00      0.00
    2   20   20       30.      30.
22222222222222222222
24444444444444444442
24222222222222222242
24222222222222222242
24223333333333332242
24223222222222232242
242232        232242
242232        232242
242232        232242
242232        232242
242232        232242
242232        232242
242232        232242
242232        232242
24223222222222232242
24223333333333332242
24222222222222222242
24222222222222222242
24444444444444444442
22222222222222222222
ELEM
PILE     1    1    3    0    0   10   12    0    0    2    0    0    0   11
    0    0    0    0    0    0   19    5       .00    900.00       .00     .00
     25.00    400.00       .202100000.00   3500.00      .027         1
PILE     2    3    5    0    0   12   14    0    0    4    0    0    0   13
    0    0    0    0    0    0   20    5       .00    756.00       .00     .00
     25.00    400.00       .202100000.00   3500.00      .032         2
PILE     3    5    7    0    0   14   16    0    0    6    0    0    0   15
    0    0    0    0    0    0   21    5       .00    756.00       .00     .00
     25.00    400.00       .202100000.00   3500.00      .032         2
PILE     4    7    9    0    0   16   18    0    0    8    0    0    0   17
    0    0    0    0    0    0   22    5       .00    756.00       .00     .00
     25.00    400.00       .202100000.00   3500.00      .032         2
LOAD

STEP     1    100.00
LOAD     9      .000     0.10       .000
STEP     2    200.00
LOAD     9      .000     0.10       .000
STEP     3    300.00
LOAD     9      .000     0.10       .000
STEP     4    400.00
LOAD     9      .000     0.10       .000
STEP     5    500.00
LOAD     9      .000     0.10       .000
STEP     6    600.00
LOAD     9      .000     0.10       .000
STEP     7    700.00
LOAD     9      .000     0.10       .000
STEP     8    800.00
LOAD     9      .000     0.10       .000
STEP     9    900.00
LOAD     9      .000     0.10       .000
STEP    10   1000.00
LOAD     9      .000     0.10       .000
STEP    11   1100.00
LOAD     9      .000     0.10       .000
STEP    12   1200.00
LOAD     9      .000     0.10       .000
STEP    13   1300.00
LOAD     9      .000     0.10       .000
STEP    14   1400.00
LOAD     9      .000     0.10       .000
STEP    15   1500.00
LOAD     9      .000     0.10       .000
STEP    16   1600.00
LOAD     9      .000     0.10       .000
STEP    17   1700.00
LOAD     9      .000     0.10       .000
STEP    18   1800.00
LOAD     9      .000     0.10       .000
STEP    19   1900.00
LOAD     9      .000     0.10       .000
END
Note: The sample is for a cantilever column, with two different cross sections
one is hollow recatngular while the other is solid rectangulr .
The loading is monotonic using displacement control.



