message
32010
NODE
NODE     1    0.0000    4.0000    0.0000   1000.00          0
NODE     2    0.5000    4.0000    0.0000   1000.00          0
NODE     3    2.5000    4.0000    0.0000   1000.00          0
NODE     4    5.0000    4.0000    0.0000   1000.00          0
NODE     5    0.0000    4.0000  -10.0000   1000.00          1
NODE     6    0.5000    4.0000  -10.0000   1000.00          1
NODE     7    2.5000    4.0000  -10.0000   1000.00          1
NODE     8    5.0000    4.0000  -10.0000   1000.00          1
NODE     9    0.0000    4.0000    1.0000   1000.00          0
NODE    10    0.5000    4.0000    1.0000   1000.00          0
NODE    11    2.5000    4.0000    1.0000   1000.00          0
NODE    12    0.0000    4.0000    6.0000   1000.00          0
NODE    13    0.5000    4.0000    6.0000   1000.00          0
NODE    14    0.0000    0.0000    0.0000   1000.00          0
NODE    15    0.0000    0.0000  -10.0000   1000.00          1
NODE    16    0.5000    0.0000    0.0000   1000.00          0
NODE    17    0.5000    0.0000  -10.0000   1000.00          1
NODE    18    2.5000    0.0000    0.0000   1000.00          0
NODE    19    2.5000    0.0000  -10.0000   1000.00          1
NODE    20    5.0000    0.0000    0.0000   1000.00          0
NODE    21    5.0000    0.0000  -10.0000   1000.00          1
NODE    22    0.0000    0.0000    1.0000   1000.00          0
NODE    23    0.5000    0.0000    1.0000   1000.00          0
NODE    24    2.5000    0.0000    1.0000   1000.00          0
NODE    25    0.0000    0.0000    6.0000   1000.00          0
NODE    26    0.5000    0.0000    6.0000   1000.00          0
NODE    27    2.5000   10.0000    0.0000   1000.00          0
NODE    28    2.5000   10.0000  -10.0000   1000.00          1
NODE    29    5.0000   10.0000    0.0000   1000.00          0
NODE    30    5.0000   10.0000  -10.0000   1000.00          1
NODE    31    0.5000   10.0000    0.0000   1000.00          0
NODE    32    0.5000   10.0000  -10.0000   1000.00          1
NODE    33    0.0000   10.0000    0.0000   1000.00          0
NODE    34    0.0000   10.0000  -10.0000   1000.00          1
NODE    35    0.2500    4.0000    0.0000   1000.00          0
NODE    36    1.5000    4.0000    0.0000   1000.00          0
NODE    37    3.7500    4.0000    0.0000   1000.00          0
NODE    38    0.0000    4.0000   -2.0000   1000.00          0
NODE    39    0.0000    4.0000   -4.0000   1000.00          0
NODE    40    0.0000    4.0000   -6.0000   1000.00          0
NODE    41    0.0000    4.0000   -8.0000   1000.00          0
NODE    42    0.5000    4.0000   -2.0000   1000.00          0
NODE    43    0.5000    4.0000   -4.0000   1000.00          0
NODE    44    0.5000    4.0000   -6.0000   1000.00          0
NODE    45    0.5000    4.0000   -8.0000   1000.00          0
NODE    46    0.2500    4.0000  -10.0000   1000.00          1
NODE    47    2.5000    4.0000   -2.0000   1000.00          0
NODE    48    2.5000    4.0000   -4.0000   1000.00          0
NODE    49    2.5000    4.0000   -6.0000   1000.00          0
NODE    50    2.5000    4.0000   -8.0000   1000.00          0
NODE    51    1.5000    4.0000  -10.0000   1000.00          1
NODE    52    5.0000    4.0000   -2.0000   1000.00          0
NODE    53    5.0000    4.0000   -4.0000   1000.00          0
NODE    54    5.0000    4.0000   -6.0000   1000.00          0
NODE    55    5.0000    4.0000   -8.0000   1000.00          0
NODE    56    3.7500    4.0000  -10.0000   1000.00          1
NODE    57    0.0000    4.0000    0.5000   1000.00          0
NODE    58    0.5000    4.0000    0.5000   1000.00          0
NODE    59    0.2500    4.0000    1.0000   1000.00          0
NODE    60    2.5000    4.0000    0.5000   1000.00          0
NODE    61    1.5000    4.0000    1.0000   1000.00          0
NODE    62    0.0000    4.0000    2.2500   1000.00          0
NODE    63    0.0000    4.0000    3.5000   1000.00          0
NODE    64    0.0000    4.0000    4.7500   1000.00          0
NODE    65    0.5000    4.0000    2.2500   1000.00          0
NODE    66    0.5000    4.0000    3.5000   1000.00          0
NODE    67    0.5000    4.0000    4.7500   1000.00          0
NODE    68    0.2500    4.0000    6.0000   1000.00          0
NODE    69    0.0000    2.6667    0.0000   1000.00          0
NODE    70    0.0000    1.3333    0.0000   1000.00          0
NODE    71    0.0000    2.6667  -10.0000   1000.00          1
NODE    72    0.0000    1.3333  -10.0000   1000.00          1
NODE    73    0.0000    0.0000   -2.0000   1000.00          0
NODE    74    0.0000    0.0000   -4.0000   1000.00          0
NODE    75    0.0000    0.0000   -6.0000   1000.00          0
NODE    76    0.0000    0.0000   -8.0000   1000.00          0
NODE    77    0.5000    2.6667    0.0000   1000.00          0
NODE    78    0.5000    1.3333    0.0000   1000.00          0
NODE    79    0.5000    2.6667  -10.0000   1000.00          1
NODE    80    0.5000    1.3333  -10.0000   1000.00          1
NODE    81    0.5000    0.0000   -2.0000   1000.00          0
NODE    82    0.5000    0.0000   -4.0000   1000.00          0
NODE    83    0.5000    0.0000   -6.0000   1000.00          0
NODE    84    0.5000    0.0000   -8.0000   1000.00          0
NODE    85    0.2500    0.0000    0.0000   1000.00          0
NODE    86    0.2500    0.0000  -10.0000   1000.00          1
NODE    87    2.5000    2.6667    0.0000   1000.00          0
NODE    88    2.5000    1.3333    0.0000   1000.00          0
NODE    89    2.5000    2.6667  -10.0000   1000.00          1
NODE    90    2.5000    1.3333  -10.0000   1000.00          1
NODE    91    2.5000    0.0000   -2.0000   1000.00          0
NODE    92    2.5000    0.0000   -4.0000   1000.00          0
NODE    93    2.5000    0.0000   -6.0000   1000.00          0
NODE    94    2.5000    0.0000   -8.0000   1000.00          0
NODE    95    1.5000    0.0000    0.0000   1000.00          0
NODE    96    1.5000    0.0000  -10.0000   1000.00          1
NODE    97    5.0000    2.6667    0.0000   1000.00          0
NODE    98    5.0000    1.3333    0.0000   1000.00          0
NODE    99    5.0000    2.6667  -10.0000   1000.00          1
NODE   100    5.0000    1.3333  -10.0000   1000.00          1
NODE   101    5.0000    0.0000   -2.0000   1000.00          0
NODE   102    5.0000    0.0000   -4.0000   1000.00          0
NODE   103    5.0000    0.0000   -6.0000   1000.00          0
NODE   104    5.0000    0.0000   -8.0000   1000.00          0
NODE   105    3.7500    0.0000    0.0000   1000.00          0
NODE   106    3.7500    0.0000  -10.0000   1000.00          1
NODE   107    0.0000    2.6667    1.0000   1000.00          0
NODE   108    0.0000    1.3333    1.0000   1000.00          0
NODE   109    0.0000    0.0000    0.5000   1000.00          0
NODE   110    0.5000    2.6667    1.0000   1000.00          0
NODE   111    0.5000    1.3333    1.0000   1000.00          0
NODE   112    0.5000    0.0000    0.5000   1000.00          0
NODE   113    0.2500    0.0000    1.0000   1000.00          0
NODE   114    2.5000    2.6667    1.0000   1000.00          0
NODE   115    2.5000    1.3333    1.0000   1000.00          0
NODE   116    2.5000    0.0000    0.5000   1000.00          0
NODE   117    1.5000    0.0000    1.0000   1000.00          0
NODE   118    0.0000    2.6667    6.0000   1000.00          0
NODE   119    0.0000    1.3333    6.0000   1000.00          0
NODE   120    0.0000    0.0000    2.2500   1000.00          0
NODE   121    0.0000    0.0000    3.5000   1000.00          0
NODE   122    0.0000    0.0000    4.7500   1000.00          0
NODE   123    0.5000    2.6667    6.0000   1000.00          0
NODE   124    0.5000    1.3333    6.0000   1000.00          0
NODE   125    0.5000    0.0000    2.2500   1000.00          0
NODE   126    0.5000    0.0000    3.5000   1000.00          0
NODE   127    0.5000    0.0000    4.7500   1000.00          0
NODE   128    0.2500    0.0000    6.0000   1000.00          0
NODE   129    2.5000    6.0000    0.0000   1000.00          0
NODE   130    2.5000    8.0000    0.0000   1000.00          0
NODE   131    2.5000    6.0000  -10.0000   1000.00          1
NODE   132    2.5000    8.0000  -10.0000   1000.00          1
NODE   133    2.5000   10.0000   -2.0000   1000.00          0
NODE   134    2.5000   10.0000   -4.0000   1000.00          0
NODE   135    2.5000   10.0000   -6.0000   1000.00          0
NODE   136    2.5000   10.0000   -8.0000   1000.00          0
NODE   137    5.0000    6.0000    0.0000   1000.00          0
NODE   138    5.0000    8.0000    0.0000   1000.00          0
NODE   139    5.0000    6.0000  -10.0000   1000.00          1
NODE   140    5.0000    8.0000  -10.0000   1000.00          1
NODE   141    5.0000   10.0000   -2.0000   1000.00          0
NODE   142    5.0000   10.0000   -4.0000   1000.00          0
NODE   143    5.0000   10.0000   -6.0000   1000.00          0
NODE   144    5.0000   10.0000   -8.0000   1000.00          0
NODE   145    3.7500   10.0000    0.0000   1000.00          0
NODE   146    3.7500   10.0000  -10.0000   1000.00          1
NODE   147    0.5000    6.0000    0.0000   1000.00          0
NODE   148    0.5000    8.0000    0.0000   1000.00          0
NODE   149    0.5000    6.0000  -10.0000   1000.00          1
NODE   150    0.5000    8.0000  -10.0000   1000.00          1
NODE   151    0.5000   10.0000   -2.0000   1000.00          0
NODE   152    0.5000   10.0000   -4.0000   1000.00          0
NODE   153    0.5000   10.0000   -6.0000   1000.00          0
NODE   154    0.5000   10.0000   -8.0000   1000.00          0
NODE   155    1.5000   10.0000    0.0000   1000.00          0
NODE   156    1.5000   10.0000  -10.0000   1000.00          1
NODE   157    0.0000    6.0000    0.0000   1000.00          0
NODE   158    0.0000    8.0000    0.0000   1000.00          0
NODE   159    0.0000    6.0000  -10.0000   1000.00          1
NODE   160    0.0000    8.0000  -10.0000   1000.00          1
NODE   161    0.0000   10.0000   -2.0000   1000.00          0
NODE   162    0.0000   10.0000   -4.0000   1000.00          0
NODE   163    0.0000   10.0000   -6.0000   1000.00          0
NODE   164    0.0000   10.0000   -8.0000   1000.00          0
NODE   165    0.2500   10.0000    0.0000   1000.00          0
NODE   166    0.2500   10.0000  -10.0000   1000.00          1
NODE   167    0.2500    4.0000   -2.0000   1000.00          0
NODE   168    0.2500    4.0000   -4.0000   1000.00          0
NODE   169    0.2500    4.0000   -6.0000   1000.00          0
NODE   170    0.2500    4.0000   -8.0000   1000.00          0
NODE   171    1.5000    4.0000   -2.0000   1000.00          0
NODE   172    1.5000    4.0000   -4.0000   1000.00          0
NODE   173    1.5000    4.0000   -6.0000   1000.00          0
NODE   174    1.5000    4.0000   -8.0000   1000.00          0
NODE   175    3.7500    4.0000   -2.0000   1000.00          0
NODE   176    3.7500    4.0000   -4.0000   1000.00          0
NODE   177    3.7500    4.0000   -6.0000   1000.00          0
NODE   178    3.7500    4.0000   -8.0000   1000.00          0
NODE   179    0.2500    4.0000    0.5000   1000.00          0
NODE   180    1.5000    4.0000    0.5000   1000.00          0
NODE   181    0.2500    4.0000    2.2500   1000.00          0
NODE   182    0.2500    4.0000    3.5000   1000.00          0
NODE   183    0.2500    4.0000    4.7500   1000.00          0
NODE   184    0.0000    2.6667   -2.0000   1000.00          0
NODE   185    0.0000    1.3333   -2.0000   1000.00          0
NODE   186    0.0000    2.6667   -4.0000   1000.00          0
NODE   187    0.0000    1.3333   -4.0000   1000.00          0
NODE   188    0.0000    2.6667   -6.0000   1000.00          0
NODE   189    0.0000    1.3333   -6.0000   1000.00          0
NODE   190    0.0000    2.6667   -8.0000   1000.00          0
NODE   191    0.0000    1.3333   -8.0000   1000.00          0
NODE   192    0.5000    2.6667   -2.0000   1000.00          0
NODE   193    0.5000    1.3333   -2.0000   1000.00          0
NODE   194    0.5000    2.6667   -4.0000   1000.00          0
NODE   195    0.5000    1.3333   -4.0000   1000.00          0
NODE   196    0.5000    2.6667   -6.0000   1000.00          0
NODE   197    0.5000    1.3333   -6.0000   1000.00          0
NODE   198    0.5000    2.6667   -8.0000   1000.00          0
NODE   199    0.5000    1.3333   -8.0000   1000.00          0
NODE   200    0.2500    2.6667    0.0000   1000.00          0
NODE   201    0.2500    1.3333    0.0000   1000.00          0
NODE   202    0.2500    2.6667  -10.0000   1000.00          1
NODE   203    0.2500    1.3333  -10.0000   1000.00          1
NODE   204    0.2500    0.0000   -2.0000   1000.00          0
NODE   205    0.2500    0.0000   -4.0000   1000.00          0
NODE   206    0.2500    0.0000   -6.0000   1000.00          0
NODE   207    0.2500    0.0000   -8.0000   1000.00          0
NODE   208    2.5000    2.6667   -2.0000   1000.00          0
NODE   209    2.5000    1.3333   -2.0000   1000.00          0
NODE   210    2.5000    2.6667   -4.0000   1000.00          0
NODE   211    2.5000    1.3333   -4.0000   1000.00          0
NODE   212    2.5000    2.6667   -6.0000   1000.00          0
NODE   213    2.5000    1.3333   -6.0000   1000.00          0
NODE   214    2.5000    2.6667   -8.0000   1000.00          0
NODE   215    2.5000    1.3333   -8.0000   1000.00          0
NODE   216    1.5000    2.6667    0.0000   1000.00          0
NODE   217    1.5000    1.3333    0.0000   1000.00          0
NODE   218    1.5000    2.6667  -10.0000   1000.00          1
NODE   219    1.5000    1.3333  -10.0000   1000.00          1
NODE   220    1.5000    0.0000   -2.0000   1000.00          0
NODE   221    1.5000    0.0000   -4.0000   1000.00          0
NODE   222    1.5000    0.0000   -6.0000   1000.00          0
NODE   223    1.5000    0.0000   -8.0000   1000.00          0
NODE   224    5.0000    2.6667   -2.0000   1000.00          0
NODE   225    5.0000    1.3333   -2.0000   1000.00          0
NODE   226    5.0000    2.6667   -4.0000   1000.00          0
NODE   227    5.0000    1.3333   -4.0000   1000.00          0
NODE   228    5.0000    2.6667   -6.0000   1000.00          0
NODE   229    5.0000    1.3333   -6.0000   1000.00          0
NODE   230    5.0000    2.6667   -8.0000   1000.00          0
NODE   231    5.0000    1.3333   -8.0000   1000.00          0
NODE   232    3.7500    2.6667    0.0000   1000.00          0
NODE   233    3.7500    1.3333    0.0000   1000.00          0
NODE   234    3.7500    2.6667  -10.0000   1000.00          1
NODE   235    3.7500    1.3333  -10.0000   1000.00          1
NODE   236    3.7500    0.0000   -2.0000   1000.00          0
NODE   237    3.7500    0.0000   -4.0000   1000.00          0
NODE   238    3.7500    0.0000   -6.0000   1000.00          0
NODE   239    3.7500    0.0000   -8.0000   1000.00          0
NODE   240    0.0000    2.6667    0.5000   1000.00          0
NODE   241    0.0000    1.3333    0.5000   1000.00          0
NODE   242    0.5000    2.6667    0.5000   1000.00          0
NODE   243    0.5000    1.3333    0.5000   1000.00          0
NODE   244    0.2500    2.6667    1.0000   1000.00          0
NODE   245    0.2500    1.3333    1.0000   1000.00          0
NODE   246    0.2500    0.0000    0.5000   1000.00          0
NODE   247    2.5000    2.6667    0.5000   1000.00          0
NODE   248    2.5000    1.3333    0.5000   1000.00          0
NODE   249    1.5000    2.6667    1.0000   1000.00          0
NODE   250    1.5000    1.3333    1.0000   1000.00          0
NODE   251    1.5000    0.0000    0.5000   1000.00          0
NODE   252    0.0000    2.6667    2.2500   1000.00          0
NODE   253    0.0000    1.3333    2.2500   1000.00          0
NODE   254    0.0000    2.6667    3.5000   1000.00          0
NODE   255    0.0000    1.3333    3.5000   1000.00          0
NODE   256    0.0000    2.6667    4.7500   1000.00          0
NODE   257    0.0000    1.3333    4.7500   1000.00          0
NODE   258    0.5000    2.6667    2.2500   1000.00          0
NODE   259    0.5000    1.3333    2.2500   1000.00          0
NODE   260    0.5000    2.6667    3.5000   1000.00          0
NODE   261    0.5000    1.3333    3.5000   1000.00          0
NODE   262    0.5000    2.6667    4.7500   1000.00          0
NODE   263    0.5000    1.3333    4.7500   1000.00          0
NODE   264    0.2500    2.6667    6.0000   1000.00          0
NODE   265    0.2500    1.3333    6.0000   1000.00          0
NODE   266    0.2500    0.0000    2.2500   1000.00          0
NODE   267    0.2500    0.0000    3.5000   1000.00          0
NODE   268    0.2500    0.0000    4.7500   1000.00          0
NODE   269    2.5000    6.0000   -2.0000   1000.00          0
NODE   270    2.5000    8.0000   -2.0000   1000.00          0
NODE   271    2.5000    6.0000   -4.0000   1000.00          0
NODE   272    2.5000    8.0000   -4.0000   1000.00          0
NODE   273    2.5000    6.0000   -6.0000   1000.00          0
NODE   274    2.5000    8.0000   -6.0000   1000.00          0
NODE   275    2.5000    6.0000   -8.0000   1000.00          0
NODE   276    2.5000    8.0000   -8.0000   1000.00          0
NODE   277    5.0000    6.0000   -2.0000   1000.00          0
NODE   278    5.0000    8.0000   -2.0000   1000.00          0
NODE   279    5.0000    6.0000   -4.0000   1000.00          0
NODE   280    5.0000    8.0000   -4.0000   1000.00          0
NODE   281    5.0000    6.0000   -6.0000   1000.00          0
NODE   282    5.0000    8.0000   -6.0000   1000.00          0
NODE   283    5.0000    6.0000   -8.0000   1000.00          0
NODE   284    5.0000    8.0000   -8.0000   1000.00          0
NODE   285    3.7500    6.0000    0.0000   1000.00          0
NODE   286    3.7500    8.0000    0.0000   1000.00          0
NODE   287    3.7500    6.0000  -10.0000   1000.00          1
NODE   288    3.7500    8.0000  -10.0000   1000.00          1
NODE   289    3.7500   10.0000   -2.0000   1000.00          0
NODE   290    3.7500   10.0000   -4.0000   1000.00          0
NODE   291    3.7500   10.0000   -6.0000   1000.00          0
NODE   292    3.7500   10.0000   -8.0000   1000.00          0
NODE   293    0.5000    6.0000   -2.0000   1000.00          0
NODE   294    0.5000    8.0000   -2.0000   1000.00          0
NODE   295    0.5000    6.0000   -4.0000   1000.00          0
NODE   296    0.5000    8.0000   -4.0000   1000.00          0
NODE   297    0.5000    6.0000   -6.0000   1000.00          0
NODE   298    0.5000    8.0000   -6.0000   1000.00          0
NODE   299    0.5000    6.0000   -8.0000   1000.00          0
NODE   300    0.5000    8.0000   -8.0000   1000.00          0
NODE   301    1.5000    6.0000    0.0000   1000.00          0
NODE   302    1.5000    8.0000    0.0000   1000.00          0
NODE   303    1.5000    6.0000  -10.0000   1000.00          1
NODE   304    1.5000    8.0000  -10.0000   1000.00          1
NODE   305    1.5000   10.0000   -2.0000   1000.00          0
NODE   306    1.5000   10.0000   -4.0000   1000.00          0
NODE   307    1.5000   10.0000   -6.0000   1000.00          0
NODE   308    1.5000   10.0000   -8.0000   1000.00          0
NODE   309    0.0000    6.0000   -2.0000   1000.00          0
NODE   310    0.0000    8.0000   -2.0000   1000.00          0
NODE   311    0.0000    6.0000   -4.0000   1000.00          0
NODE   312    0.0000    8.0000   -4.0000   1000.00          0
NODE   313    0.0000    6.0000   -6.0000   1000.00          0
NODE   314    0.0000    8.0000   -6.0000   1000.00          0
NODE   315    0.0000    6.0000   -8.0000   1000.00          0
NODE   316    0.0000    8.0000   -8.0000   1000.00          0
NODE   317    0.2500    6.0000    0.0000   1000.00          0
NODE   318    0.2500    8.0000    0.0000   1000.00          0
NODE   319    0.2500    6.0000  -10.0000   1000.00          1
NODE   320    0.2500    8.0000  -10.0000   1000.00          1
NODE   321    0.2500   10.0000   -2.0000   1000.00          0
NODE   322    0.2500   10.0000   -4.0000   1000.00          0
NODE   323    0.2500   10.0000   -6.0000   1000.00          0
NODE   324    0.2500   10.0000   -8.0000   1000.00          0
NODE   325    0.2500    2.6667   -2.0000   1000.00          0
NODE   326    0.2500    1.3333   -2.0000   1000.00          0
NODE   327    0.2500    2.6667   -4.0000   1000.00          0
NODE   328    0.2500    1.3333   -4.0000   1000.00          0
NODE   329    0.2500    2.6667   -6.0000   1000.00          0
NODE   330    0.2500    1.3333   -6.0000   1000.00          0
NODE   331    0.2500    2.6667   -8.0000   1000.00          0
NODE   332    0.2500    1.3333   -8.0000   1000.00          0
NODE   333    1.5000    2.6667   -2.0000   1000.00          0
NODE   334    1.5000    1.3333   -2.0000   1000.00          0
NODE   335    1.5000    2.6667   -4.0000   1000.00          0
NODE   336    1.5000    1.3333   -4.0000   1000.00          0
NODE   337    1.5000    2.6667   -6.0000   1000.00          0
NODE   338    1.5000    1.3333   -6.0000   1000.00          0
NODE   339    1.5000    2.6667   -8.0000   1000.00          0
NODE   340    1.5000    1.3333   -8.0000   1000.00          0
NODE   341    3.7500    2.6667   -2.0000   1000.00          0
NODE   342    3.7500    1.3333   -2.0000   1000.00          0
NODE   343    3.7500    2.6667   -4.0000   1000.00          0
NODE   344    3.7500    1.3333   -4.0000   1000.00          0
NODE   345    3.7500    2.6667   -6.0000   1000.00          0
NODE   346    3.7500    1.3333   -6.0000   1000.00          0
NODE   347    3.7500    2.6667   -8.0000   1000.00          0
NODE   348    3.7500    1.3333   -8.0000   1000.00          0
NODE   349    0.2500    2.6667    0.5000   1000.00          0
NODE   350    0.2500    1.3333    0.5000   1000.00          0
NODE   351    1.5000    2.6667    0.5000   1000.00          0
NODE   352    1.5000    1.3333    0.5000   1000.00          0
NODE   353    0.2500    2.6667    2.2500   1000.00          0
NODE   354    0.2500    1.3333    2.2500   1000.00          0
NODE   355    0.2500    2.6667    3.5000   1000.00          0
NODE   356    0.2500    1.3333    3.5000   1000.00          0
NODE   357    0.2500    2.6667    4.7500   1000.00          0
NODE   358    0.2500    1.3333    4.7500   1000.00          0
NODE   359    3.7500    6.0000   -2.0000   1000.00          0
NODE   360    3.7500    8.0000   -2.0000   1000.00          0
NODE   361    3.7500    6.0000   -4.0000   1000.00          0
NODE   362    3.7500    8.0000   -4.0000   1000.00          0
NODE   363    3.7500    6.0000   -6.0000   1000.00          0
NODE   364    3.7500    8.0000   -6.0000   1000.00          0
NODE   365    3.7500    6.0000   -8.0000   1000.00          0
NODE   366    3.7500    8.0000   -8.0000   1000.00          0
NODE   367    1.5000    6.0000   -2.0000   1000.00          0
NODE   368    1.5000    8.0000   -2.0000   1000.00          0
NODE   369    1.5000    6.0000   -4.0000   1000.00          0
NODE   370    1.5000    8.0000   -4.0000   1000.00          0
NODE   371    1.5000    6.0000   -6.0000   1000.00          0
NODE   372    1.5000    8.0000   -6.0000   1000.00          0
NODE   373    1.5000    6.0000   -8.0000   1000.00          0
NODE   374    1.5000    8.0000   -8.0000   1000.00          0
NODE   375    0.2500    6.0000   -2.0000   1000.00          0
NODE   376    0.2500    8.0000   -2.0000   1000.00          0
NODE   377    0.2500    6.0000   -4.0000   1000.00          0
NODE   378    0.2500    8.0000   -4.0000   1000.00          0
NODE   379    0.2500    6.0000   -6.0000   1000.00          0
NODE   380    0.2500    8.0000   -6.0000   1000.00          0
NODE   381    0.2500    6.0000   -8.0000   1000.00          0
NODE   382    0.2500    8.0000   -8.0000   1000.00          0
ELEM
TRNS    -1   35  179   57    1    0    0    0    0    0    0    0    0
    0    0    0    0    0    0    0    0    0    0
TRNS    -2  179   59    9   57    0    0    0    0    0    0    0    0
    0    0    0    0    0    0    0    0    0    0
TRNS    -3    2   58  179   35    0    0    0    0    0    0    0    0
    0    0    0    0    0    0    0    0    0    0
TRNS    -4   58   10   59  179    0    0    0    0    0    0    0    0
    0    0    0    0    0    0    0    0    0    0
TRNS    -5   36  180   58    2    0    0    0    0    0    0    0    0
    0    0    0    0    0    0    0    0    0    0
TRNS    -6  180   61   10   58    0    0    0    0    0    0    0    0
    0    0    0    0    0    0    0    0    0    0
TRNS    -7    3   60  180   36    0    0    0    0    0    0    0    0
    0    0    0    0    0    0    0    0    0    0
TRNS    -8   60   11   61  180    0    0    0    0    0    0    0    0
    0    0    0    0    0    0    0    0    0    0
TRNS    -9   59  181   62    9    0    0    0    0    0    0    0    0
    0    0    0    0    0    0    0    0    0    0
TRNS   -10  181  182   63   62    0    0    0    0    0    0    0    0
    0    0    0    0    0    0    0    0    0    0
TRNS   -11  182  183   64   63    0    0    0    0    0    0    0    0
    0    0    0    0    0    0    0    0    0    0
TRNS   -12  183   68   12   64    0    0    0    0    0    0    0    0
    0    0    0    0    0    0    0    0    0    0
TRNS   -13   10   65  181   59    0    0    0    0    0    0    0    0
    0    0    0    0    0    0    0    0    0    0
TRNS   -14   65   66  182  181    0    0    0    0    0    0    0    0
    0    0    0    0    0    0    0    0    0    0
TRNS   -15   66   67  183  182    0    0    0    0    0    0    0    0
    0    0    0    0    0    0    0    0    0    0
TRNS   -16   67   13   68  183    0    0    0    0    0    0    0    0
    0    0    0    0    0    0    0    0    0    0
TRNS   -64   37  232   87    3    0    0    0    0    0    0    0    0
    0    0    0    0    0    0    0    0    0    0
TRNS   -65  232  233   88   87    0    0    0    0    0    0    0    0
    0    0    0    0    0    0    0    0    0    0
TRNS   -66  233  105   18   88    0    0    0    0    0    0    0    0
    0    0    0    0    0    0    0    0    0    0
TRNS   -67    4   97  232   37    0    0    0    0    0    0    0    0
    0    0    0    0    0    0    0    0    0    0
TRNS   -68   97   98  233  232    0    0    0    0    0    0    0    0
    0    0    0    0    0    0    0    0    0    0
TRNS   -69   98   20  105  233    0    0    0    0    0    0    0    0
    0    0    0    0    0    0    0    0    0    0
TRNS   -92   59  244  107    9    0    0    0    0    0    0    0    0
    0    0    0    0    0    0    0    0   -1    0
TRNS   -93  244  245  108  107    0    0    0    0    0    0    0    0
    0    0    0    0    0    0    0    0   -1    0
TRNS   -94  245  113   22  108    0    0    0    0    0    0    0    0
    0    0    0    0    0    0    0    0   -1    0
TRNS   -95   10  110  244   59    0    0    0    0    0    0    0    0
    0    0    0    0    0    0    0    0   -1    0
TRNS   -96  110  111  245  244    0    0    0    0    0    0    0    0
    0    0    0    0    0    0    0    0   -1    0
TRNS   -97  111   23  113  245    0    0    0    0    0    0    0    0
    0    0    0    0    0    0    0    0   -1    0
TRNS  -102   87  247   60    3    0    0    0    0    0    0    0    0
    0    0    0    0    0    0    0    0    0    0
TRNS  -103   88  248  247   87    0    0    0    0    0    0    0    0
    0    0    0    0    0    0    0    0    0    0
TRNS  -104   18  116  248   88    0    0    0    0    0    0    0    0
    0    0    0    0    0    0    0    0    0    0
TRNS  -105  247  114   11   60    0    0    0    0    0    0    0    0
    0    0    0    0    0    0    0    0    0    0
TRNS  -106  248  115  114  247    0    0    0    0    0    0    0    0
    0    0    0    0    0    0    0    0    0    0
TRNS  -107  116   24  115  248    0    0    0    0    0    0    0    0
    0    0    0    0    0    0    0    0    0    0
TRNS  -108   61  249  110   10    0    0    0    0    0    0    0    0
    0    0    0    0    0    0    0    0    0    0
TRNS  -109  249  250  111  110    0    0    0    0    0    0    0    0
    0    0    0    0    0    0    0    0    0    0
TRNS  -110  250  117   23  111    0    0    0    0    0    0    0    0
    0    0    0    0    0    0    0    0    0    0
TRNS  -111   11  114  249   61    0    0    0    0    0    0    0    0
    0    0    0    0    0    0    0    0    0    0
TRNS  -112  114  115  250  249    0    0    0    0    0    0    0    0
    0    0    0    0    0    0    0    0    0    0
TRNS  -113  115   24  117  250    0    0    0    0    0    0    0    0
    0    0    0    0    0    0    0    0    0    0
TRNS  -130  110  258   65   10    0    0    0    0    0    0    0    0
    0    0    0    0    0    0    0    0    0    0
TRNS  -131  111  259  258  110    0    0    0    0    0    0    0    0
    0    0    0    0    0    0    0    0    0    0
TRNS  -132   23  125  259  111    0    0    0    0    0    0    0    0
    0    0    0    0    0    0    0    0    0    0
TRNS  -133  258  260   66   65    0    0    0    0    0    0    0    0
    0    0    0    0    0    0    0    0    0    0
TRNS  -134  259  261  260  258    0    0    0    0    0    0    0    0
    0    0    0    0    0    0    0    0    0    0
TRNS  -135  125  126  261  259    0    0    0    0    0    0    0    0
    0    0    0    0    0    0    0    0    0    0
TRNS  -136  260  262   67   66    0    0    0    0    0    0    0    0
    0    0    0    0    0    0    0    0    0    0
TRNS  -137  261  263  262  260    0    0    0    0    0    0    0    0
    0    0    0    0    0    0    0    0    0    0
TRNS  -138  126  127  263  261    0    0    0    0    0    0    0    0
    0    0    0    0    0    0    0    0    0    0
TRNS  -139  262  123   13   67    0    0    0    0    0    0    0    0
    0    0    0    0    0    0    0    0    0    0
TRNS  -140  263  124  123  262    0    0    0    0    0    0    0    0
    0    0    0    0    0    0    0    0    0    0
TRNS  -141  127   26  124  263    0    0    0    0    0    0    0    0
    0    0    0    0    0    0    0    0    0    0
TRNS  -142   68  264  118   12    0    0    0    0    0    0    0    0
    0    0    0    0    0    0    0    0    0    0
TRNS  -143  264  265  119  118    0    0    0    0    0    0    0    0
    0    0    0    0    0    0    0    0    0    0
TRNS  -144  265  128   25  119    0    0    0    0    0    0    0    0
    0    0    0    0    0    0    0    0    0    0
TRNS  -145   13  123  264   68    0    0    0    0    0    0    0    0
    0    0    0    0    0    0    0    0    0    0
TRNS  -146  123  124  265  264    0    0    0    0    0    0    0    0
    0    0    0    0    0    0    0    0    0    0
TRNS  -147  124   26  128  265    0    0    0    0    0    0    0    0
    0    0    0    0    0    0    0    0    0    0
TRNS  -156  129  285   37    3    0    0    0    0    0    0    0    0
    0    0    0    0    0    0    0    0    0    0
TRNS  -157  130  286  285  129    0    0    0    0    0    0    0    0
    0    0    0    0    0    0    0    0    0    0
TRNS  -158   27  145  286  130    0    0    0    0    0    0    0    0
    0    0    0    0    0    0    0    0    0    0
TRNS  -159  285  137    4   37    0    0    0    0    0    0    0    0
    0    0    0    0    0    0    0    0    0    0
TRNS  -160  286  138  137  285    0    0    0    0    0    0    0    0
    0    0    0    0    0    0    0    0    0    0
TRNS  -161  145   29  138  286    0    0    0    0    0    0    0    0
    0    0    0    0    0    0    0    0    0    0
TRNS  -168  147  301   36    2    0    0    0    0    0    0    0    0
    0    0    0    0    0    0    0    0    0    0
TRNS  -169  148  302  301  147    0    0    0    0    0    0    0    0
    0    0    0    0    0    0    0    0    0    0
TRNS  -170   31  155  302  148    0    0    0    0    0    0    0    0
    0    0    0    0    0    0    0    0    0    0
TRNS  -171  301  129    3   36    0    0    0    0    0    0    0    0
    0    0    0    0    0    0    0    0    0    0
TRNS  -172  302  130  129  301    0    0    0    0    0    0    0    0
    0    0    0    0    0    0    0    0    0    0
TRNS  -173  155   27  130  302    0    0    0    0    0    0    0    0
    0    0    0    0    0    0    0    0    0    0
TRNS  -195  157  317   35    1    0    0    0    0    0    0    0    0
    0    0    0    0    0    0    0    0    0    0
TRNS  -196  158  318  317  157    0    0    0    0    0    0    0    0
    0    0    0    0    0    0    0    0    0    0
TRNS  -197   33  165  318  158    0    0    0    0    0    0    0    0
    0    0    0    0    0    0    0    0    0    0
TRNS  -198  317  147    2   35    0    0    0    0    0    0    0    0
    0    0    0    0    0    0    0    0    0    0
TRNS  -199  318  148  147  317    0    0    0    0    0    0    0    0
    0    0    0    0    0    0    0    0    0    0
TRNS  -200  165   31  148  318    0    0    0    0    0    0    0    0
    0    0    0    0    0    0    0    0    0    0
ELEM   207  325  200   69  184  167   35    1   38    0    0    0    0
    0    0    0    0    0    0    0    0    3    0
ELEM   208  326  201   70  185  325  200   69  184    0    0    0    0
    0    0    0    0    0    0    0    0    3    0
ELEM   209  204   85   14   73  326  201   70  185    0    0    0    0
    0    0    0    0    0    0    0    0    3    0
ELEM   210  327  325  184  186  168  167   38   39    0    0    0    0
    0    0    0    0    0    0    0    0    3    0
ELEM   211  328  326  185  187  327  325  184  186    0    0    0    0
    0    0    0    0    0    0    0    0    3    0
ELEM   212  205  204   73   74  328  326  185  187    0    0    0    0
    0    0    0    0    0    0    0    0    3    0
ELEM   213  329  327  186  188  169  168   39   40    0    0    0    0
    0    0    0    0    0    0    0    0    3    0
ELEM   214  330  328  187  189  329  327  186  188    0    0    0    0
    0    0    0    0    0    0    0    0    3    0
ELEM   215  206  205   74   75  330  328  187  189    0    0    0    0
    0    0    0    0    0    0    0    0    3    0
ELEM   216  331  329  188  190  170  169   40   41    0    0    0    0
    0    0    0    0    0    0    0    0    3    0
ELEM   217  332  330  189  191  331  329  188  190    0    0    0    0
    0    0    0    0    0    0    0    0    3    0
ELEM   218  207  206   75   76  332  330  189  191    0    0    0    0
    0    0    0    0    0    0    0    0    3    0
ELEM   219  202  331  190   71   46  170   41    5    0    0    0    0
    0    0    0    0    0    0    0    0    3    0
ELEM   220  203  332  191   72  202  331  190   71    0    0    0    0
    0    0    0    0    0    0    0    0    3    0
ELEM   221   86  207   76   15  203  332  191   72    0    0    0    0
    0    0    0    0    0    0    0    0    3    0
ELEM   222  192   77  200  325   42    2   35  167    0    0    0    0
    0    0    0    0    0    0    0    0    3    0
ELEM   223  193   78  201  326  192   77  200  325    0    0    0    0
    0    0    0    0    0    0    0    0    3    0
ELEM   224   81   16   85  204  193   78  201  326    0    0    0    0
    0    0    0    0    0    0    0    0    3    0
ELEM   225  194  192  325  327   43   42  167  168    0    0    0    0
    0    0    0    0    0    0    0    0    3    0
ELEM   226  195  193  326  328  194  192  325  327    0    0    0    0
    0    0    0    0    0    0    0    0    3    0
ELEM   227   82   81  204  205  195  193  326  328    0    0    0    0
    0    0    0    0    0    0    0    0    3    0
ELEM   228  196  194  327  329   44   43  168  169    0    0    0    0
    0    0    0    0    0    0    0    0    3    0
ELEM   229  197  195  328  330  196  194  327  329    0    0    0    0
    0    0    0    0    0    0    0    0    3    0
ELEM   230   83   82  205  206  197  195  328  330    0    0    0    0
    0    0    0    0    0    0    0    0    3    0
ELEM   231  198  196  329  331   45   44  169  170    0    0    0    0
    0    0    0    0    0    0    0    0    3    0
ELEM   232  199  197  330  332  198  196  329  331    0    0    0    0
    0    0    0    0    0    0    0    0    3    0
ELEM   233   84   83  206  207  199  197  330  332    0    0    0    0
    0    0    0    0    0    0    0    0    3    0
ELEM   234   79  198  331  202    6   45  170   46    0    0    0    0
    0    0    0    0    0    0    0    0    3    0
ELEM   235   80  199  332  203   79  198  331  202    0    0    0    0
    0    0    0    0    0    0    0    0    3    0
ELEM   236   17   84  207   86   80  199  332  203    0    0    0    0
    0    0    0    0    0    0    0    0    3    0
ELEM   237  333  216   77  192  171   36    2   42    0    0    0    0
    0    0    0    0    0    0    0    0    3    0
ELEM   238  334  217   78  193  333  216   77  192    0    0    0    0
    0    0    0    0    0    0    0    0    3    0
ELEM   239  220   95   16   81  334  217   78  193    0    0    0    0
    0    0    0    0    0    0    0    0    3    0
ELEM   240  335  333  192  194  172  171   42   43    0    0    0    0
    0    0    0    0    0    0    0    0    3    0
ELEM   241  336  334  193  195  335  333  192  194    0    0    0    0
    0    0    0    0    0    0    0    0    3    0
ELEM   242  221  220   81   82  336  334  193  195    0    0    0    0
    0    0    0    0    0    0    0    0    3    0
ELEM   243  337  335  194  196  173  172   43   44    0    0    0    0
    0    0    0    0    0    0    0    0    3    0
ELEM   244  338  336  195  197  337  335  194  196    0    0    0    0
    0    0    0    0    0    0    0    0    3    0
ELEM   245  222  221   82   83  338  336  195  197    0    0    0    0
    0    0    0    0    0    0    0    0    3    0
ELEM   246  339  337  196  198  174  173   44   45    0    0    0    0
    0    0    0    0    0    0    0    0    3    0
ELEM   247  340  338  197  199  339  337  196  198    0    0    0    0
    0    0    0    0    0    0    0    0    3    0
ELEM   248  223  222   83   84  340  338  197  199    0    0    0    0
    0    0    0    0    0    0    0    0    3    0
ELEM   249  218  339  198   79   51  174   45    6    0    0    0    0
    0    0    0    0    0    0    0    0    3    0
ELEM   250  219  340  199   80  218  339  198   79    0    0    0    0
    0    0    0    0    0    0    0    0    3    0
ELEM   251   96  223   84   17  219  340  199   80    0    0    0    0
    0    0    0    0    0    0    0    0    3    0
ELEM   252  208   87  216  333   47    3   36  171    0    0    0    0
    0    0    0    0    0    0    0    0    3    0
ELEM   253  209   88  217  334  208   87  216  333    0    0    0    0
    0    0    0    0    0    0    0    0    3    0
ELEM   254   91   18   95  220  209   88  217  334    0    0    0    0
    0    0    0    0    0    0    0    0    3    0
ELEM   255  210  208  333  335   48   47  171  172    0    0    0    0
    0    0    0    0    0    0    0    0    3    0
ELEM   256  211  209  334  336  210  208  333  335    0    0    0    0
    0    0    0    0    0    0    0    0    3    0
ELEM   257   92   91  220  221  211  209  334  336    0    0    0    0
    0    0    0    0    0    0    0    0    3    0
ELEM   258  212  210  335  337   49   48  172  173    0    0    0    0
    0    0    0    0    0    0    0    0    3    0
ELEM   259  213  211  336  338  212  210  335  337    0    0    0    0
    0    0    0    0    0    0    0    0    3    0
ELEM   260   93   92  221  222  213  211  336  338    0    0    0    0
    0    0    0    0    0    0    0    0    3    0
ELEM   261  214  212  337  339   50   49  173  174    0    0    0    0
    0    0    0    0    0    0    0    0    3    0
ELEM   262  215  213  338  340  214  212  337  339    0    0    0    0
    0    0    0    0    0    0    0    0    3    0
ELEM   263   94   93  222  223  215  213  338  340    0    0    0    0
    0    0    0    0    0    0    0    0    3    0
ELEM   264   89  214  339  218    7   50  174   51    0    0    0    0
    0    0    0    0    0    0    0    0    3    0
ELEM   265   90  215  340  219   89  214  339  218    0    0    0    0
    0    0    0    0    0    0    0    0    3    0
ELEM   266   19   94  223   96   90  215  340  219    0    0    0    0
    0    0    0    0    0    0    0    0    3    0
ELEM   267  341  232   87  208  175   37    3   47    0    0    0    0
    0    0    0    0    0    0    0    0    3    0
ELEM   268  342  233   88  209  341  232   87  208    0    0    0    0
    0    0    0    0    0    0    0    0    3    0
ELEM   269  236  105   18   91  342  233   88  209    0    0    0    0
    0    0    0    0    0    0    0    0    3    0
ELEM   270  343  341  208  210  176  175   47   48    0    0    0    0
    0    0    0    0    0    0    0    0    3    0
ELEM   271  344  342  209  211  343  341  208  210    0    0    0    0
    0    0    0    0    0    0    0    0    3    0
ELEM   272  237  236   91   92  344  342  209  211    0    0    0    0
    0    0    0    0    0    0    0    0    3    0
ELEM   273  345  343  210  212  177  176   48   49    0    0    0    0
    0    0    0    0    0    0    0    0    3    0
ELEM   274  346  344  211  213  345  343  210  212    0    0    0    0
    0    0    0    0    0    0    0    0    3    0
ELEM   275  238  237   92   93  346  344  211  213    0    0    0    0
    0    0    0    0    0    0    0    0    3    0
ELEM   276  347  345  212  214  178  177   49   50    0    0    0    0
    0    0    0    0    0    0    0    0    3    0
ELEM   277  348  346  213  215  347  345  212  214    0    0    0    0
    0    0    0    0    0    0    0    0    3    0
ELEM   278  239  238   93   94  348  346  213  215    0    0    0    0
    0    0    0    0    0    0    0    0    3    0
ELEM   279  234  347  214   89   56  178   50    7    0    0    0    0
    0    0    0    0    0    0    0    0    3    0
ELEM   280  235  348  215   90  234  347  214   89    0    0    0    0
    0    0    0    0    0    0    0    0    3    0
ELEM   281  106  239   94   19  235  348  215   90    0    0    0    0
    0    0    0    0    0    0    0    0    3    0
ELEM   282  224   97  232  341   52    4   37  175    0    0    0    0
    0    0    0    0    0    0    0    0    3    0
ELEM   283  225   98  233  342  224   97  232  341    0    0    0    0
    0    0    0    0    0    0    0    0    3    0
ELEM   284  101   20  105  236  225   98  233  342    0    0    0    0
    0    0    0    0    0    0    0    0    3    0
ELEM   285  226  224  341  343   53   52  175  176    0    0    0    0
    0    0    0    0    0    0    0    0    3    0
ELEM   286  227  225  342  344  226  224  341  343    0    0    0    0
    0    0    0    0    0    0    0    0    3    0
ELEM   287  102  101  236  237  227  225  342  344    0    0    0    0
    0    0    0    0    0    0    0    0    3    0
ELEM   288  228  226  343  345   54   53  176  177    0    0    0    0
    0    0    0    0    0    0    0    0    3    0
ELEM   289  229  227  344  346  228  226  343  345    0    0    0    0
    0    0    0    0    0    0    0    0    3    0
ELEM   290  103  102  237  238  229  227  344  346    0    0    0    0
    0    0    0    0    0    0    0    0    3    0
ELEM   291  230  228  345  347   55   54  177  178    0    0    0    0
    0    0    0    0    0    0    0    0    3    0
ELEM   292  231  229  346  348  230  228  345  347    0    0    0    0
    0    0    0    0    0    0    0    0    3    0
ELEM   293  104  103  238  239  231  229  346  348    0    0    0    0
    0    0    0    0    0    0    0    0    3    0
ELEM   294   99  230  347  234    8   55  178   56    0    0    0    0
    0    0    0    0    0    0    0    0    3    0
ELEM   295  100  231  348  235   99  230  347  234    0    0    0    0
    0    0    0    0    0    0    0    0    3    0
ELEM   296   21  104  239  106  100  231  348  235    0    0    0    0
    0    0    0    0    0    0    0    0    3    0
ELEM   297   69  200  349  240    1   35  179   57    0    0    0    0
    0    0    0    0    0    0    0    0    1    0
ELEM   298   70  201  350  241   69  200  349  240    0    0    0    0
    0    0    0    0    0    0    0    0    1    0
ELEM   299   14   85  246  109   70  201  350  241    0    0    0    0
    0    0    0    0    0    0    0    0    1    0
ELEM   300  240  349  244  107   57  179   59    9    0    0    0    0
    0    0    0    0    0    0    0    0    1    0
ELEM   301  241  350  245  108  240  349  244  107    0    0    0    0
    0    0    0    0    0    0    0    0    1    0
ELEM   302  109  246  113   22  241  350  245  108    0    0    0    0
    0    0    0    0    0    0    0    0    1    0
ELEM   303  200   77  242  349   35    2   58  179    0    0    0    0
    0    0    0    0    0    0    0    0    1    0
ELEM   304  201   78  243  350  200   77  242  349    0    0    0    0
    0    0    0    0    0    0    0    0    1    0
ELEM   305   85   16  112  246  201   78  243  350    0    0    0    0
    0    0    0    0    0    0    0    0    1    0
ELEM   306  349  242  110  244  179   58   10   59    0    0    0    0
    0    0    0    0    0    0    0    0    1    0
ELEM   307  350  243  111  245  349  242  110  244    0    0    0    0
    0    0    0    0    0    0    0    0    1    0
ELEM   308  246  112   23  113  350  243  111  245    0    0    0    0
    0    0    0    0    0    0    0    0    1    0
ELEM   309   77  216  351  242    2   36  180   58    0    0    0    0
    0    0    0    0    0    0    0    0    1    0
ELEM   310   78  217  352  243   77  216  351  242    0    0    0    0
    0    0    0    0    0    0    0    0    1    0
ELEM   311   16   95  251  112   78  217  352  243    0    0    0    0
    0    0    0    0    0    0    0    0    1    0
ELEM   312  242  351  249  110   58  180   61   10    0    0    0    0
    0    0    0    0    0    0    0    0    1    0
ELEM   313  243  352  250  111  242  351  249  110    0    0    0    0
    0    0    0    0    0    0    0    0    1    0
ELEM   314  112  251  117   23  243  352  250  111    0    0    0    0
    0    0    0    0    0    0    0    0    1    0
ELEM   315  216   87  247  351   36    3   60  180    0    0    0    0
    0    0    0    0    0    0    0    0    1    0
ELEM   316  217   88  248  352  216   87  247  351    0    0    0    0
    0    0    0    0    0    0    0    0    1    0
ELEM   317   95   18  116  251  217   88  248  352    0    0    0    0
    0    0    0    0    0    0    0    0    1    0
ELEM   318  351  247  114  249  180   60   11   61    0    0    0    0
    0    0    0    0    0    0    0    0    1    0
ELEM   319  352  248  115  250  351  247  114  249    0    0    0    0
    0    0    0    0    0    0    0    0    1    0
ELEM   320  251  116   24  117  352  248  115  250    0    0    0    0
    0    0    0    0    0    0    0    0    1    0
ELEM   321  107  244  353  252    9   59  181   62    0    0    0    0
    0    0    0    0    0    0    0    0    2    0
ELEM   322  108  245  354  253  107  244  353  252    0    0    0    0
    0    0    0    0    0    0    0    0    2    0
ELEM   323   22  113  266  120  108  245  354  253    0    0    0    0
    0    0    0    0    0    0    0    0    2    0
ELEM   324  252  353  355  254   62  181  182   63    0    0    0    0
    0    0    0    0    0    0    0    0    2    0
ELEM   325  253  354  356  255  252  353  355  254    0    0    0    0
    0    0    0    0    0    0    0    0    2    0
ELEM   326  120  266  267  121  253  354  356  255    0    0    0    0
    0    0    0    0    0    0    0    0    2    0
ELEM   327  254  355  357  256   63  182  183   64    0    0    0    0
    0    0    0    0    0    0    0    0    2    0
ELEM   328  255  356  358  257  254  355  357  256    0    0    0    0
    0    0    0    0    0    0    0    0    2    0
ELEM   329  121  267  268  122  255  356  358  257    0    0    0    0
    0    0    0    0    0    0    0    0    2    0
ELEM   330  256  357  264  118   64  183   68   12    0    0    0    0
    0    0    0    0    0    0    0    0    2    0
ELEM   331  257  358  265  119  256  357  264  118    0    0    0    0
    0    0    0    0    0    0    0    0    2    0
ELEM   332  122  268  128   25  257  358  265  119    0    0    0    0
    0    0    0    0    0    0    0    0    2    0
ELEM   333  244  110  258  353   59   10   65  181    0    0    0    0
    0    0    0    0    0    0    0    0    2    0
ELEM   334  245  111  259  354  244  110  258  353    0    0    0    0
    0    0    0    0    0    0    0    0    2    0
ELEM   335  113   23  125  266  245  111  259  354    0    0    0    0
    0    0    0    0    0    0    0    0    2    0
ELEM   336  353  258  260  355  181   65   66  182    0    0    0    0
    0    0    0    0    0    0    0    0    2    0
ELEM   337  354  259  261  356  353  258  260  355    0    0    0    0
    0    0    0    0    0    0    0    0    2    0
ELEM   338  266  125  126  267  354  259  261  356    0    0    0    0
    0    0    0    0    0    0    0    0    2    0
ELEM   339  355  260  262  357  182   66   67  183    0    0    0    0
    0    0    0    0    0    0    0    0    2    0
ELEM   340  356  261  263  358  355  260  262  357    0    0    0    0
    0    0    0    0    0    0    0    0    2    0
ELEM   341  267  126  127  268  356  261  263  358    0    0    0    0
    0    0    0    0    0    0    0    0    2    0
ELEM   342  357  262  123  264  183   67   13   68    0    0    0    0
    0    0    0    0    0    0    0    0    2    0
ELEM   343  358  263  124  265  357  262  123  264    0    0    0    0
    0    0    0    0    0    0    0    0    2    0
ELEM   344  268  127   26  128  358  263  124  265    0    0    0    0
    0    0    0    0    0    0    0    0    2    0
ELEM   345  129  285  359  269    3   37  175   47    0    0    0    0
    0    0    0    0    0    0    0    0    3    0
ELEM   346  130  286  360  270  129  285  359  269    0    0    0    0
    0    0    0    0    0    0    0    0    3    0
ELEM   347   27  145  289  133  130  286  360  270    0    0    0    0
    0    0    0    0    0    0    0    0    3    0
ELEM   348  269  359  361  271   47  175  176   48    0    0    0    0
    0    0    0    0    0    0    0    0    3    0
ELEM   349  270  360  362  272  269  359  361  271    0    0    0    0
    0    0    0    0    0    0    0    0    3    0
ELEM   350  133  289  290  134  270  360  362  272    0    0    0    0
    0    0    0    0    0    0    0    0    3    0
ELEM   351  271  361  363  273   48  176  177   49    0    0    0    0
    0    0    0    0    0    0    0    0    3    0
ELEM   352  272  362  364  274  271  361  363  273    0    0    0    0
    0    0    0    0    0    0    0    0    3    0
ELEM   353  134  290  291  135  272  362  364  274    0    0    0    0
    0    0    0    0    0    0    0    0    3    0
ELEM   354  273  363  365  275   49  177  178   50    0    0    0    0
    0    0    0    0    0    0    0    0    3    0
ELEM   355  274  364  366  276  273  363  365  275    0    0    0    0
    0    0    0    0    0    0    0    0    3    0
ELEM   356  135  291  292  136  274  364  366  276    0    0    0    0
    0    0    0    0    0    0    0    0    3    0
ELEM   357  275  365  287  131   50  178   56    7    0    0    0    0
    0    0    0    0    0    0    0    0    3    0
ELEM   358  276  366  288  132  275  365  287  131    0    0    0    0
    0    0    0    0    0    0    0    0    3    0
ELEM   359  136  292  146   28  276  366  288  132    0    0    0    0
    0    0    0    0    0    0    0    0    3    0
ELEM   360  285  137  277  359   37    4   52  175    0    0    0    0
    0    0    0    0    0    0    0    0    3    0
ELEM   361  286  138  278  360  285  137  277  359    0    0    0    0
    0    0    0    0    0    0    0    0    3    0
ELEM   362  145   29  141  289  286  138  278  360    0    0    0    0
    0    0    0    0    0    0    0    0    3    0
ELEM   363  359  277  279  361  175   52   53  176    0    0    0    0
    0    0    0    0    0    0    0    0    3    0
ELEM   364  360  278  280  362  359  277  279  361    0    0    0    0
    0    0    0    0    0    0    0    0    3    0
ELEM   365  289  141  142  290  360  278  280  362    0    0    0    0
    0    0    0    0    0    0    0    0    3    0
ELEM   366  361  279  281  363  176   53   54  177    0    0    0    0
    0    0    0    0    0    0    0    0    3    0
ELEM   367  362  280  282  364  361  279  281  363    0    0    0    0
    0    0    0    0    0    0    0    0    3    0
ELEM   368  290  142  143  291  362  280  282  364    0    0    0    0
    0    0    0    0    0    0    0    0    3    0
ELEM   369  363  281  283  365  177   54   55  178    0    0    0    0
    0    0    0    0    0    0    0    0    3    0
ELEM   370  364  282  284  366  363  281  283  365    0    0    0    0
    0    0    0    0    0    0    0    0    3    0
ELEM   371  291  143  144  292  364  282  284  366    0    0    0    0
    0    0    0    0    0    0    0    0    3    0
ELEM   372  365  283  139  287  178   55    8   56    0    0    0    0
    0    0    0    0    0    0    0    0    3    0
ELEM   373  366  284  140  288  365  283  139  287    0    0    0    0
    0    0    0    0    0    0    0    0    3    0
ELEM   374  292  144   30  146  366  284  140  288    0    0    0    0
    0    0    0    0    0    0    0    0    3    0
ELEM   375  147  301  367  293    2   36  171   42    0    0    0    0
    0    0    0    0    0    0    0    0    3    0
ELEM   376  148  302  368  294  147  301  367  293    0    0    0    0
    0    0    0    0    0    0    0    0    3    0
ELEM   377   31  155  305  151  148  302  368  294    0    0    0    0
    0    0    0    0    0    0    0    0    3    0
ELEM   378  293  367  369  295   42  171  172   43    0    0    0    0
    0    0    0    0    0    0    0    0    3    0
ELEM   379  294  368  370  296  293  367  369  295    0    0    0    0
    0    0    0    0    0    0    0    0    3    0
ELEM   380  151  305  306  152  294  368  370  296    0    0    0    0
    0    0    0    0    0    0    0    0    3    0
ELEM   381  295  369  371  297   43  172  173   44    0    0    0    0
    0    0    0    0    0    0    0    0    3    0
ELEM   382  296  370  372  298  295  369  371  297    0    0    0    0
    0    0    0    0    0    0    0    0    3    0
ELEM   383  152  306  307  153  296  370  372  298    0    0    0    0
    0    0    0    0    0    0    0    0    3    0
ELEM   384  297  371  373  299   44  173  174   45    0    0    0    0
    0    0    0    0    0    0    0    0    3    0
ELEM   385  298  372  374  300  297  371  373  299    0    0    0    0
    0    0    0    0    0    0    0    0    3    0
ELEM   386  153  307  308  154  298  372  374  300    0    0    0    0
    0    0    0    0    0    0    0    0    3    0
ELEM   387  299  373  303  149   45  174   51    6    0    0    0    0
    0    0    0    0    0    0    0    0    3    0
ELEM   388  300  374  304  150  299  373  303  149    0    0    0    0
    0    0    0    0    0    0    0    0    3    0
ELEM   389  154  308  156   32  300  374  304  150    0    0    0    0
    0    0    0    0    0    0    0    0    3    0
ELEM   390  301  129  269  367   36    3   47  171    0    0    0    0
    0    0    0    0    0    0    0    0    3    0
ELEM   391  302  130  270  368  301  129  269  367    0    0    0    0
    0    0    0    0    0    0    0    0    3    0
ELEM   392  155   27  133  305  302  130  270  368    0    0    0    0
    0    0    0    0    0    0    0    0    3    0
ELEM   393  367  269  271  369  171   47   48  172    0    0    0    0
    0    0    0    0    0    0    0    0    3    0
ELEM   394  368  270  272  370  367  269  271  369    0    0    0    0
    0    0    0    0    0    0    0    0    3    0
ELEM   395  305  133  134  306  368  270  272  370    0    0    0    0
    0    0    0    0    0    0    0    0    3    0
ELEM   396  369  271  273  371  172   48   49  173    0    0    0    0
    0    0    0    0    0    0    0    0    3    0
ELEM   397  370  272  274  372  369  271  273  371    0    0    0    0
    0    0    0    0    0    0    0    0    3    0
ELEM   398  306  134  135  307  370  272  274  372    0    0    0    0
    0    0    0    0    0    0    0    0    3    0
ELEM   399  371  273  275  373  173   49   50  174    0    0    0    0
    0    0    0    0    0    0    0    0    3    0
ELEM   400  372  274  276  374  371  273  275  373    0    0    0    0
    0    0    0    0    0    0    0    0    3    0
ELEM   401  307  135  136  308  372  274  276  374    0    0    0    0
    0    0    0    0    0    0    0    0    3    0
ELEM   402  373  275  131  303  174   50    7   51    0    0    0    0
    0    0    0    0    0    0    0    0    3    0
ELEM   403  374  276  132  304  373  275  131  303    0    0    0    0
    0    0    0    0    0    0    0    0    3    0
ELEM   404  308  136   28  156  374  276  132  304    0    0    0    0
    0    0    0    0    0    0    0    0    3    0
ELEM   405  157  317  375  309    1   35  167   38    0    0    0    0
    0    0    0    0    0    0    0    0    3    0
ELEM   406  158  318  376  310  157  317  375  309    0    0    0    0
    0    0    0    0    0    0    0    0    3    0
ELEM   407   33  165  321  161  158  318  376  310    0    0    0    0
    0    0    0    0    0    0    0    0    3    0
ELEM   408  309  375  377  311   38  167  168   39    0    0    0    0
    0    0    0    0    0    0    0    0    3    0
ELEM   409  310  376  378  312  309  375  377  311    0    0    0    0
    0    0    0    0    0    0    0    0    3    0
ELEM   410  161  321  322  162  310  376  378  312    0    0    0    0
    0    0    0    0    0    0    0    0    3    0
ELEM   411  311  377  379  313   39  168  169   40    0    0    0    0
    0    0    0    0    0    0    0    0    3    0
ELEM   412  312  378  380  314  311  377  379  313    0    0    0    0
    0    0    0    0    0    0    0    0    3    0
ELEM   413  162  322  323  163  312  378  380  314    0    0    0    0
    0    0    0    0    0    0    0    0    3    0
ELEM   414  313  379  381  315   40  169  170   41    0    0    0    0
    0    0    0    0    0    0    0    0    3    0
ELEM   415  314  380  382  316  313  379  381  315    0    0    0    0
    0    0    0    0    0    0    0    0    3    0
ELEM   416  163  323  324  164  314  380  382  316    0    0    0    0
    0    0    0    0    0    0    0    0    3    0
ELEM   417  315  381  319  159   41  170   46    5    0    0    0    0
    0    0    0    0    0    0    0    0    3    0
ELEM   418  316  382  320  160  315  381  319  159    0    0    0    0
    0    0    0    0    0    0    0    0    3    0
ELEM   419  164  324  166   34  316  382  320  160    0    0    0    0
    0    0    0    0    0    0    0    0    3    0
ELEM   420  317  147  293  375   35    2   42  167    0    0    0    0
    0    0    0    0    0    0    0    0    3    0
ELEM   421  318  148  294  376  317  147  293  375    0    0    0    0
    0    0    0    0    0    0    0    0    3    0
ELEM   422  165   31  151  321  318  148  294  376    0    0    0    0
    0    0    0    0    0    0    0    0    3    0
ELEM   423  375  293  295  377  167   42   43  168    0    0    0    0
    0    0    0    0    0    0    0    0    3    0
ELEM   424  376  294  296  378  375  293  295  377    0    0    0    0
    0    0    0    0    0    0    0    0    3    0
ELEM   425  321  151  152  322  376  294  296  378    0    0    0    0
    0    0    0    0    0    0    0    0    3    0
ELEM   426  377  295  297  379  168   43   44  169    0    0    0    0
    0    0    0    0    0    0    0    0    3    0
ELEM   427  378  296  298  380  377  295  297  379    0    0    0    0
    0    0    0    0    0    0    0    0    3    0
ELEM   428  322  152  153  323  378  296  298  380    0    0    0    0
    0    0    0    0    0    0    0    0    3    0
ELEM   429  379  297  299  381  169   44   45  170    0    0    0    0
    0    0    0    0    0    0    0    0    3    0
ELEM   430  380  298  300  382  379  297  299  381    0    0    0    0
    0    0    0    0    0    0    0    0    3    0
ELEM   431  323  153  154  324  380  298  300  382    0    0    0    0
    0    0    0    0    0    0    0    0    3    0
ELEM   432  381  299  149  319  170   45    6   46    0    0    0    0
    0    0    0    0    0    0    0    0    3    0
ELEM   433  382  300  150  320  381  299  149  319    0    0    0    0
    0    0    0    0    0    0    0    0    3    0
ELEM   434  324  154   32  166  382  300  150  320    0    0    0    0
    0    0    0    0    0    0    0    0    3    0
LOAD

STEP     1    0.0002    1.0000   99.5000    0.0000    
STEP     2    0.0004    1.0000   99.5000    0.0000    
STEP     3    0.0006    1.0000   99.5000    0.0000    
STEP     4    0.0009    1.0000   99.5000    0.0000    
STEP     5    0.0011    1.0000   99.5000    0.0000    
STEP     6    0.0014    1.0000   99.5000    0.0000    
STEP     7    0.0016    1.0000   99.5000    0.0000    
STEP     8    0.0019    1.0000   99.5000    0.0000    
STEP     9    0.0022    1.0000   99.5000    0.0000    
STEP    10    0.0025    1.0000   99.5000    0.0000    
STEP    11    0.0028    1.0000   99.5000    0.0000    
STEP    12    0.0032    1.0000   99.5000    0.0000    
STEP    13    0.0036    1.0000   99.5000    0.0000    
STEP    14    0.0039    1.0000   99.5000    0.0000    
STEP    15    0.0043    1.0000   99.5000    0.0000    
STEP    16    0.0048    1.0000   99.5000    0.0000    
STEP    17    0.0052    1.0000   99.5000    0.0000    
STEP    18    0.0057    1.0000   99.5000    0.0000    
STEP    19    0.0061    1.0000   99.5000    0.0000    
STEP    20    0.0066    1.0000   99.5000    0.0000    
STEP    21    0.0072    1.0000   99.5000    0.0000    
STEP    22    0.0077    1.0000   99.5000    0.0000    
STEP    23    0.0083    1.0000   99.5000    0.0000    
STEP    24    0.0090    1.0000   99.5000    0.0000    
STEP    25    0.0096    1.0000   99.5000    0.0000    
STEP    26    0.0103    1.0000   99.5000    0.0000    
STEP    27    0.0110    1.0000   99.5000    0.0000    
STEP    28    0.0118    1.0000   99.5000    0.0000    
STEP    29    0.0126    1.0000   99.5000    0.0000    
STEP    30    0.0134    1.0000   99.5000    0.0000    
STEP    31    0.0143    1.0000   99.5000    0.0000    
STEP    32    0.0152    1.0000   99.5000    0.0000    
STEP    33    0.0162    1.0000   99.5000    0.0000    
STEP    34    0.0172    1.0000   99.5000    0.0000    
STEP    35    0.0183    1.0000   99.5000    0.0000    
STEP    36    0.0194    1.0000   99.5000    0.0000    
STEP    37    0.0206    1.0000   99.5000    0.0000    
STEP    38    0.0218    1.0000   99.5000    0.0000    
STEP    39    0.0231    1.0000   99.5000    0.0000    
STEP    40    0.0245    1.0000   99.5000    0.0000    
STEP    41    0.0259    1.0000   99.5000    0.0000    
STEP    42    0.0274    1.0000   99.5000    0.0000    
STEP    43    0.0290    1.0000   99.5000    0.0000    
STEP    44    0.0306    1.0000   99.5000    0.0000    
STEP    45    0.0324    1.0000   99.5000    0.0000    
STEP    46    0.0342    1.0000   99.5000    0.0000    
STEP    47    0.0362    1.0000   99.5000    0.0000    
STEP    48    0.0382    1.0000   99.5000    0.0000    
STEP    49    0.0403    1.0000   99.5000    0.0000    
STEP    50    0.0425    1.0000   99.5000    0.0000    
STEP    51    0.0449    1.0000   99.5000    0.0000    
STEP    52    0.0474    1.0000   99.5000    0.0000    
STEP    53    0.0500    1.0000   99.5000    0.0000    
STEP    54    0.0527    1.0000   99.5000    0.0000    
STEP    55    0.0555    1.0000   99.5000    0.0000    
STEP    56    0.0585    1.0000   99.5000    0.0000    
STEP    57    0.0617    1.0000   99.5000    0.0000    
STEP    58    0.0650    1.0000   99.5000    0.0000    
STEP    59    0.0685    1.0000   99.5000    0.0000    
STEP    60    0.0722    1.0000   99.5000    0.0000    
STEP    61    0.0760    1.0000   99.5000    0.0000    
STEP    62    0.0800    1.0000   99.5000    0.0000    
STEP    63    0.0843    1.0000   99.5000    0.0000    
STEP    64    0.0887    1.0000   99.5000    0.0000    
STEP    65    0.0934    1.0000   99.5000    0.0000    
STEP    66    0.0983    1.0000   99.5000    0.0000    
STEP    67    0.1035    1.0000   99.5000    0.0000    
STEP    68    0.1089    1.0000   99.5000    0.0000    
STEP    69    0.1146    1.0000   99.5000    0.0000    
STEP    70    0.1206    1.0000   99.5000    0.0000    
STEP    71    0.1269    1.0000   99.5000    0.0000    
STEP    72    0.1335    1.0000   99.5000    0.0000    
STEP    73    0.1405    1.0000   99.5000    0.0000    
STEP    74    0.1478    1.0000   99.5000    0.0000    
STEP    75    0.1554    1.0000   99.5000    0.0000    
STEP    76    0.1635    1.0000   99.5000    0.0000    
STEP    77    0.1719    1.0000   99.5000    0.0000    
STEP    78    0.1808    1.0000   99.5000    0.0000    
STEP    79    0.1901    1.0000   99.5000    0.0000    
STEP    80    0.1999    1.0000   99.5000    0.0000    
STEP    81    0.2102    1.0000   99.5000    0.0000    
STEP    82    0.2211    1.0000   99.5000    0.0000    
STEP    83    0.2324    1.0000   99.5000    0.0000    
STEP    84    0.2444    1.0000   99.5000    0.0000    
STEP    85    0.2569    1.0000   99.5000    0.0000    
STEP    86    0.2701    1.0000   99.5000    0.0000    
STEP    87    0.2839    1.0000   99.5000    0.0000    
STEP    88    0.2984    1.0000   99.5000    0.0000    
STEP    89    0.3137    1.0000   99.5000    0.0000    
STEP    90    0.3298    1.0000   99.5000    0.0000    
STEP    91    0.3466    1.0000   99.5000    0.0000    
STEP    92    0.3643    1.0000   99.5000    0.0000    
STEP    93    0.3829    1.0000   99.5000    0.0000    
STEP    94    0.4025    1.0000   99.5000    0.0000    
STEP    95    0.4230    1.0000   99.5000    0.0000    
STEP    96    0.4445    1.0000   99.5000    0.0000    
STEP    97    0.4672    1.0000   99.5000    0.0000    
STEP    98    0.4910    1.0000   99.5000    0.0000    
STEP    99    0.5160    1.0000   99.5000    0.0000    
STEP   100    0.5422    1.0000   99.5000    0.0000    
STEP   101    0.5698    1.0000   99.5000    0.0000    
STEP   102    0.5988    1.0000   99.5000    0.0000    
STEP   103    0.6292    1.0000   99.5000    0.0000    
STEP   104    0.6612    1.0000   99.5000    0.0000    
STEP   105    0.6948    1.0000   99.5000    0.0000    
STEP   106    0.7301    1.0000   99.5000    0.0000    
STEP   107    0.7672    1.0000   99.5000    0.0000    
STEP   108    0.8061    1.0000   99.5000    0.0000    
STEP   109    0.8470    1.0000   99.5000    0.0000    
STEP   110    0.8900    1.0000   99.5000    0.0000    
STEP   111    0.9351    1.0000   99.5000    0.0000    
STEP   112    0.9825    1.0000   99.5000    0.0000    
STEP   113    1.0324    1.0000   99.5000    0.0000    
STEP   114    1.0847    1.0000   99.5000    0.0000    
STEP   115    1.1397    1.0000   99.5000    0.0000    
STEP   116    1.1974    1.0000   99.5000    0.0000    
STEP   117    1.2581    1.0000   99.5000    0.0000    
STEP   118    1.3218    1.0000   99.5000    0.0000    
STEP   119    1.3888    1.0000   99.5000    0.0000    
STEP   120    1.4591    1.0000   99.5000    0.0000    
STEP   121    1.5330    1.0000   99.5000    0.0000    
STEP   122    1.6106    1.0000   99.5000    0.0000    
STEP   123    1.6922    1.0000   99.5000    0.0000    
STEP   124    1.7778    1.0000   99.5000    0.0000    
STEP   125    1.8678    1.0000   99.5000    0.0000    
STEP   126    1.9623    1.0000   99.5000    0.0000    
STEP   127    2.0616    1.0000   99.5000    0.0000    
STEP   128    2.1659    1.0000   99.5000    0.0000    
STEP   129    2.2755    1.0000   99.5000    0.0000    
STEP   130    2.3906    1.0000   99.5000    0.0000    
STEP   131    2.5115    1.0000   99.5000    0.0000    
STEP   132    2.6386    1.0000   99.5000    0.0000    
STEP   133    2.7720    1.0000   99.5000    0.0000    
STEP   134    2.9122    1.0000   99.5000    0.0000    
STEP   135    3.0595    1.0000   99.5000    0.0000    
STEP   136    3.2142    1.0000   99.5000    0.0000    
STEP   137    3.3767    1.0000   99.5000    0.0000    
STEP   138    3.5474    1.0000   99.5000    0.0000    
STEP   139    3.7268    1.0000   99.5000    0.0000    
STEP   140    3.9152    1.0000   99.5000    0.0000    
STEP   141    4.1131    1.0000   99.5000    0.0000    
STEP   142    4.3210    1.0000   99.5000    0.0000    
STEP   143    4.5394    1.0000   99.5000    0.0000    
STEP   144    4.7688    1.0000   99.5000    0.0000    
STEP   145    5.0099    1.0000   99.5000    0.0000    
STEP   146    5.2631    1.0000   99.5000    0.0000    
STEP   147    5.5290    1.0000   99.5000    0.0000    
STEP   148    5.8085    1.0000   99.5000    0.0000    
STEP   149    6.1020    1.0000   99.5000    0.0000    
STEP   150    6.4103    1.0000   99.5000    0.0000    
STEP   151    6.6000    1.0000   99.5000    0.0000    
STEP   152    6.8000    1.0000   99.5000    0.0000    
STEP   153    6.9999    1.0000   99.5000    0.0000    
STEP   154    7.0002    1.0000   99.0969    1.0000    
STEP   155    7.0004    1.0000   98.6939    1.0000    
STEP   156    7.0006    1.0000   98.2908    1.0000    
STEP   157    7.0009    1.0000   97.8878    1.0000    
STEP   158    7.0011    1.0000   97.4847    1.0000    
STEP   159    7.0014    1.0000   97.0816    1.0000    
STEP   160    7.0016    1.0000   96.6786    1.0000    
STEP   161    7.0019    1.0000   96.2755    1.0000    
STEP   162    7.0022    1.0000   95.8724    1.0000    
STEP   163    7.0025    1.0000   95.4694    1.0000    
STEP   164    7.0028    1.0000   95.0663    1.0000    
STEP   165    7.0032    1.0000   94.6633    1.0000    
STEP   166    7.0036    1.0000   94.2602    1.0000    
STEP   167    7.0039    1.0000   93.8571    1.0000    
STEP   168    7.0043    1.0000   93.4541    1.0000    
STEP   169    7.0048    1.0000   93.0510    1.0000    
STEP   170    7.0052    1.0000   92.6480    1.0000    
STEP   171    7.0057    1.0000   92.2449    1.0000    
STEP   172    7.0061    1.0000   91.8418    1.0000    
STEP   173    7.0066    1.0000   91.4388    1.0000    
STEP   174    7.0072    1.0000   91.0357    1.0000    
STEP   175    7.0077    1.0000   90.6327    1.0000    
STEP   176    7.0083    1.0000   90.2296    1.0000    
STEP   177    7.0090    1.0000   89.8265    1.0000    
STEP   178    7.0096    1.0000   89.4235    1.0000    
STEP   179    7.0103    1.0000   89.0204    1.0000    
STEP   180    7.0110    1.0000   88.6173    1.0000    
STEP   181    7.0118    1.0000   88.2143    1.0000    
STEP   182    7.0126    1.0000   87.8112    1.0000    
STEP   183    7.0134    1.0000   87.4082    1.0000    
STEP   184    7.0143    1.0000   87.0051    1.0000    
STEP   185    7.0152    1.0000   86.6020    1.0000    
STEP   186    7.0162    1.0000   86.1990    1.0000    
STEP   187    7.0172    1.0000   85.7959    1.0000    
STEP   188    7.0183    1.0000   85.3929    1.0000    
STEP   189    7.0194    1.0000   84.9898    1.0000    
STEP   190    7.0206    1.0000   84.5867    1.0000    
STEP   191    7.0218    1.0000   84.1837    1.0000    
STEP   192    7.0231    1.0000   83.7806    1.0000    
STEP   193    7.0245    1.0000   83.3776    1.0000    
STEP   194    7.0259    1.0000   82.9745    1.0000    
STEP   195    7.0274    1.0000   82.5714    1.0000    
STEP   196    7.0290    1.0000   82.1684    1.0000    
STEP   197    7.0306    1.0000   81.7653    1.0000    
STEP   198    7.0324    1.0000   81.3622    1.0000    
STEP   199    7.0342    1.0000   80.9592    1.0000    
STEP   200    7.0362    1.0000   80.5561    1.0000    
STEP   201    7.0382    1.0000   80.1531    1.0000    
STEP   202    7.0403    1.0000   79.7500    1.0000    
STEP   203    7.0425    1.0000   79.3469    1.0000    
STEP   204    7.0449    1.0000   78.9439    1.0000    
STEP   205    7.0474    1.0000   78.5408    1.0000    
STEP   206    7.0500    1.0000   78.1378    1.0000    
STEP   207    7.0527    1.0000   77.7347    1.0000    
STEP   208    7.0555    1.0000   77.3316    1.0000    
STEP   209    7.0585    1.0000   76.9286    1.0000    
STEP   210    7.0617    1.0000   76.5255    1.0000    
STEP   211    7.0650    1.0000   76.1224    1.0000    
STEP   212    7.0685    1.0000   75.7194    1.0000    
STEP   213    7.0722    1.0000   75.3163    1.0000    
STEP   214    7.0760    1.0000   74.9133    1.0000    
STEP   215    7.0800    1.0000   74.5102    1.0000    
STEP   216    7.0843    1.0000   74.1071    1.0000    
STEP   217    7.0887    1.0000   73.7041    1.0000    
STEP   218    7.0934    1.0000   73.3010    1.0000    
STEP   219    7.0983    1.0000   72.8980    1.0000    
STEP   220    7.1035    1.0000   72.4949    1.0000    
STEP   221    7.1089    1.0000   72.0918    1.0000    
STEP   222    7.1146    1.0000   71.6888    1.0000    
STEP   223    7.1206    1.0000   71.2857    1.0000    
STEP   224    7.1269    1.0000   70.8827    1.0000    
STEP   225    7.1335    1.0000   70.4796    1.0000    
STEP   226    7.1405    1.0000   70.0765    1.0000    
STEP   227    7.1478    1.0000   69.6735    1.0000    
STEP   228    7.1554    1.0000   69.2704    1.0000    
STEP   229    7.1635    1.0000   68.8673    1.0000    
STEP   230    7.1719    1.0000   68.4643    1.0000    
STEP   231    7.1808    1.0000   68.0612    1.0000    
STEP   232    7.1901    1.0000   67.6582    1.0000    
STEP   233    7.1999    1.0000   67.2551    1.0000    
STEP   234    7.2102    1.0000   66.8520    1.0000    
STEP   235    7.2211    1.0000   66.4490    1.0000    
STEP   236    7.2324    1.0000   66.0459    1.0000    
STEP   237    7.2444    1.0000   65.6429    1.0000    
STEP   238    7.2569    1.0000   65.2398    1.0000    
STEP   239    7.2701    1.0000   64.8367    1.0000    
STEP   240    7.2839    1.0000   64.4337    1.0000    
STEP   241    7.2984    1.0000   64.0306    1.0000    
STEP   242    7.3137    1.0000   63.6276    1.0000    
STEP   243    7.3298    1.0000   63.2245    1.0000    
STEP   244    7.3466    1.0000   62.8214    1.0000    
STEP   245    7.3643    1.0000   62.4184    1.0000    
STEP   246    7.3829    1.0000   62.0153    1.0000    
STEP   247    7.4025    1.0000   61.6122    1.0000    
STEP   248    7.4230    1.0000   61.2092    1.0000    
STEP   249    7.4445    1.0000   60.8061    1.0000    
STEP   250    7.4672    1.0000   60.4031    1.0000    
STEP   251    7.4910    1.0000   60.0000    1.0000    
STEP   252    7.5160    1.0000   60.0000    1.0000    
STEP   253    7.5422    1.0000   60.0000    1.0000    
STEP   254    7.5698    1.0000   60.0000    1.0000    
STEP   255    7.5988    1.0000   60.0000    1.0000    
STEP   256    7.6292    1.0000   60.0000    1.0000    
STEP   257    7.6612    1.0000   60.0000    1.0000    
STEP   258    7.6948    1.0000   60.0000    1.0000    
STEP   259    7.7301    1.0000   60.0000    1.0000    
STEP   260    7.7672    1.0000   60.0000    1.0000    
STEP   261    7.8061    1.0000   60.0000    1.0000    
STEP   262    7.8470    1.0000   60.0000    1.0000    
STEP   263    7.8900    1.0000   60.0000    1.0000    
STEP   264    7.9351    1.0000   60.0000    1.0000    
STEP   265    7.9825    1.0000   60.0000    1.0000    
STEP   266    8.0324    1.0000   60.0000    1.0000    
STEP   267    8.0847    1.0000   60.0000    1.0000    
STEP   268    8.1397    1.0000   60.0000    1.0000    
STEP   269    8.1974    1.0000   60.0000    1.0000    
STEP   270    8.2581    1.0000   60.0000    1.0000    
STEP   271    8.3218    1.0000   60.0000    1.0000    
STEP   272    8.3888    1.0000   60.0000    1.0000    
STEP   273    8.4591    1.0000   60.0000    1.0000    
STEP   274    8.5330    1.0000   60.0000    1.0000    
STEP   275    8.6106    1.0000   60.0000    1.0000    
STEP   276    8.6922    1.0000   60.0000    1.0000    
STEP   277    8.7778    1.0000   60.0000    1.0000    
STEP   278    8.8678    1.0000   60.0000    1.0000    
STEP   279    8.9623    1.0000   60.0000    1.0000    
STEP   280    9.0616    1.0000   60.0000    1.0000    
STEP   281    9.1659    1.0000   60.0000    1.0000    
STEP   282    9.2755    1.0000   60.0000    1.0000    
STEP   283    9.3906    1.0000   60.0000    1.0000    
STEP   284    9.5115    1.0000   60.0000    1.0000    
STEP   285    9.6386    1.0000   60.0000    1.0000    
STEP   286    9.7720    1.0000   60.0000    1.0000    
STEP   287    9.9122    1.0000   60.0000    1.0000    
STEP   288   10.0595    1.0000   60.0000    1.0000    
END
