message
0201000001000001000000402     0.700     0.000     0.000         0
NODE
NODE     1      0.00    400.00      0.00                    100
NODE     2     50.00    400.00      0.00                    000
NODE     3    250.00    400.00      0.00                    000
NODE     4    500.00    400.00      0.00                    000
NODE     5      0.00    400.00  -1000.00                    101
NODE     6     50.00    400.00  -1000.00                    001
NODE     7    250.00    400.00  -1000.00                    001
NODE     8    500.00    400.00  -1000.00                    001
NODE     9      0.00    400.00    100.00                    100
NODE    10     50.00    400.00    100.00                    000
NODE    11    250.00    400.00    100.00                    000
NODE    12      0.00    400.00    600.00                    100
NODE    13     50.00    400.00    600.00                    000
NODE    14      0.00      0.00      0.00                    110
NODE    15      0.00      0.00  -1000.00                    111
NODE    16     50.00      0.00      0.00                    010
NODE    17     50.00      0.00  -1000.00                    011
NODE    18    250.00      0.00      0.00                    010
NODE    19    250.00      0.00  -1000.00                    011
NODE    20    500.00      0.00      0.00                    010
NODE    21    500.00      0.00  -1000.00                    011
NODE    22      0.00      0.00    100.00                    110
NODE    23     50.00      0.00    100.00                    010
NODE    24    250.00      0.00    100.00                    010
NODE    25      0.00      0.00    600.00                    110
NODE    26     50.00      0.00    600.00                    010
NODE    27    250.00   1000.00      0.00                    000
NODE    28    250.00   1000.00  -1000.00                    001
NODE    29    500.00   1000.00      0.00                    000
NODE    30    500.00   1000.00  -1000.00                    001
NODE    31     50.00   1000.00      0.00                    000
NODE    32     50.00   1000.00  -1000.00                    001
NODE    33      0.00   1000.00      0.00                    100
NODE    34      0.00   1000.00  -1000.00                    101
NODE    35     25.00    400.00      0.00                    000
NODE    36    150.00    400.00      0.00                    000
NODE    37    375.00    400.00      0.00                    000
NODE    38      0.00    400.00   -200.00                    100
NODE    39      0.00    400.00   -400.00                    100
NODE    40      0.00    400.00   -600.00                    100
NODE    41      0.00    400.00   -800.00                    100
NODE    42     50.00    400.00   -200.00                    000
NODE    43     50.00    400.00   -400.00                    000
NODE    44     50.00    400.00   -600.00                    000
NODE    45     50.00    400.00   -800.00                    000
NODE    46     25.00    400.00  -1000.00                    001
NODE    47    250.00    400.00   -200.00                    000
NODE    48    250.00    400.00   -400.00                    000
NODE    49    250.00    400.00   -600.00                    000
NODE    50    250.00    400.00   -800.00                    000
NODE    51    150.00    400.00  -1000.00                    001
NODE    52    500.00    400.00   -200.00                    000
NODE    53    500.00    400.00   -400.00                    000
NODE    54    500.00    400.00   -600.00                    000
NODE    55    500.00    400.00   -800.00                    000
NODE    56    375.00    400.00  -1000.00                    001
NODE    57      0.00    400.00     50.00                    100
NODE    58     50.00    400.00     50.00                    000
NODE    59     25.00    400.00    100.00                    000
NODE    60    250.00    400.00     50.00                    000
NODE    61    150.00    400.00    100.00                    000
NODE    62      0.00    400.00    225.00                    100
NODE    63      0.00    400.00    350.00                    100
NODE    64      0.00    400.00    475.00                    100
NODE    65     50.00    400.00    225.00                    000
NODE    66     50.00    400.00    350.00                    000
NODE    67     50.00    400.00    475.00                    000
NODE    68     25.00    400.00    600.00                    000
NODE    69      0.00    266.67      0.00                    100
NODE    70      0.00    133.33      0.00                    100
NODE    71      0.00    266.67  -1000.00                    101
NODE    72      0.00    133.33  -1000.00                    101
NODE    73      0.00      0.00   -200.00                    110
NODE    74      0.00      0.00   -400.00                    110
NODE    75      0.00      0.00   -600.00                    110
NODE    76      0.00      0.00   -800.00                    110
NODE    77     50.00    266.67      0.00                    000
NODE    78     50.00    133.33      0.00                    000
NODE    79     50.00    266.67  -1000.00                    001
NODE    80     50.00    133.33  -1000.00                    001
NODE    81     50.00      0.00   -200.00                    010
NODE    82     50.00      0.00   -400.00                    010
NODE    83     50.00      0.00   -600.00                    010
NODE    84     50.00      0.00   -800.00                    010
NODE    85     25.00      0.00      0.00                    010
NODE    86     25.00      0.00  -1000.00                    011
NODE    87    250.00    266.67      0.00                    000
NODE    88    250.00    133.33      0.00                    000
NODE    89    250.00    266.67  -1000.00                    001
NODE    90    250.00    133.33  -1000.00                    001
NODE    91    250.00      0.00   -200.00                    010
NODE    92    250.00      0.00   -400.00                    010
NODE    93    250.00      0.00   -600.00                    010
NODE    94    250.00      0.00   -800.00                    010
NODE    95    150.00      0.00      0.00                    010
NODE    96    150.00      0.00  -1000.00                    011
NODE    97    500.00    266.67      0.00                    000
NODE    98    500.00    133.33      0.00                    000
NODE    99    500.00    266.67  -1000.00                    001
NODE   100    500.00    133.33  -1000.00                    001
NODE   101    500.00      0.00   -200.00                    010
NODE   102    500.00      0.00   -400.00                    010
NODE   103    500.00      0.00   -600.00                    010
NODE   104    500.00      0.00   -800.00                    010
NODE   105    375.00      0.00      0.00                    010
NODE   106    375.00      0.00  -1000.00                    011
NODE   107      0.00    266.67    100.00                    100
NODE   108      0.00    133.33    100.00                    100
NODE   109      0.00      0.00     50.00                    110
NODE   110     50.00    266.67    100.00                    000
NODE   111     50.00    133.33    100.00                    000
NODE   112     50.00      0.00     50.00                    010
NODE   113     25.00      0.00    100.00                    010
NODE   114    250.00    266.67    100.00                    000
NODE   115    250.00    133.33    100.00                    000
NODE   116    250.00      0.00     50.00                    010
NODE   117    150.00      0.00    100.00                    010
NODE   118      0.00    266.67    600.00                    100
NODE   119      0.00    133.33    600.00                    100
NODE   120      0.00      0.00    225.00                    110
NODE   121      0.00      0.00    350.00                    110
NODE   122      0.00      0.00    475.00                    110
NODE   123     50.00    266.67    600.00                    000
NODE   124     50.00    133.33    600.00                    000
NODE   125     50.00      0.00    225.00                    010
NODE   126     50.00      0.00    350.00                    010
NODE   127     50.00      0.00    475.00                    010
NODE   128     25.00      0.00    600.00                    010
NODE   129    250.00    600.00      0.00                    000
NODE   130    250.00    800.00      0.00                    000
NODE   131    250.00    600.00  -1000.00                    001
NODE   132    250.00    800.00  -1000.00                    001
NODE   133    250.00   1000.00   -200.00                    000
NODE   134    250.00   1000.00   -400.00                    000
NODE   135    250.00   1000.00   -600.00                    000
NODE   136    250.00   1000.00   -800.00                    000
NODE   137    500.00    600.00      0.00                    000
NODE   138    500.00    800.00      0.00                    000
NODE   139    500.00    600.00  -1000.00                    001
NODE   140    500.00    800.00  -1000.00                    001
NODE   141    500.00   1000.00   -200.00                    000
NODE   142    500.00   1000.00   -400.00                    000
NODE   143    500.00   1000.00   -600.00                    000
NODE   144    500.00   1000.00   -800.00                    000
NODE   145    375.00   1000.00      0.00                    000
NODE   146    375.00   1000.00  -1000.00                    001
NODE   147     50.00    600.00      0.00                    000
NODE   148     50.00    800.00      0.00                    000
NODE   149     50.00    600.00  -1000.00                    001
NODE   150     50.00    800.00  -1000.00                    001
NODE   151     50.00   1000.00   -200.00                    000
NODE   152     50.00   1000.00   -400.00                    000
NODE   153     50.00   1000.00   -600.00                    000
NODE   154     50.00   1000.00   -800.00                    000
NODE   155    150.00   1000.00      0.00                    000
NODE   156    150.00   1000.00  -1000.00                    001
NODE   157      0.00    600.00      0.00                    100
NODE   158      0.00    800.00      0.00                    100
NODE   159      0.00    600.00  -1000.00                    101
NODE   160      0.00    800.00  -1000.00                    101
NODE   161      0.00   1000.00   -200.00                    100
NODE   162      0.00   1000.00   -400.00                    100
NODE   163      0.00   1000.00   -600.00                    100
NODE   164      0.00   1000.00   -800.00                    100
NODE   165     25.00   1000.00      0.00                    000
NODE   166     25.00   1000.00  -1000.00                    001
NODE   167     25.00    400.00   -200.00                    000
NODE   168     25.00    400.00   -400.00                    000
NODE   169     25.00    400.00   -600.00                    000
NODE   170     25.00    400.00   -800.00                    000
NODE   171    150.00    400.00   -200.00                    000
NODE   172    150.00    400.00   -400.00                    000
NODE   173    150.00    400.00   -600.00                    000
NODE   174    150.00    400.00   -800.00                    000
NODE   175    375.00    400.00   -200.00                    000
NODE   176    375.00    400.00   -400.00                    000
NODE   177    375.00    400.00   -600.00                    000
NODE   178    375.00    400.00   -800.00                    000
NODE   179     25.00    400.00     50.00                    000
NODE   180    150.00    400.00     50.00                    000
NODE   181     25.00    400.00    225.00                    000
NODE   182     25.00    400.00    350.00                    000
NODE   183     25.00    400.00    475.00                    000
NODE   184      0.00    266.67   -200.00                    100
NODE   185      0.00    133.33   -200.00                    100
NODE   186      0.00    266.67   -400.00                    100
NODE   187      0.00    133.33   -400.00                    100
NODE   188      0.00    266.67   -600.00                    100
NODE   189      0.00    133.33   -600.00                    100
NODE   190      0.00    266.67   -800.00                    100
NODE   191      0.00    133.33   -800.00                    100
NODE   192     50.00    266.67   -200.00                    000
NODE   193     50.00    133.33   -200.00                    000
NODE   194     50.00    266.67   -400.00                    000
NODE   195     50.00    133.33   -400.00                    000
NODE   196     50.00    266.67   -600.00                    000
NODE   197     50.00    133.33   -600.00                    000
NODE   198     50.00    266.67   -800.00                    000
NODE   199     50.00    133.33   -800.00                    000
NODE   200     25.00    266.67      0.00                    000
NODE   201     25.00    133.33      0.00                    000
NODE   202     25.00    266.67  -1000.00                    001
NODE   203     25.00    133.33  -1000.00                    001
NODE   204     25.00      0.00   -200.00                    010
NODE   205     25.00      0.00   -400.00                    010
NODE   206     25.00      0.00   -600.00                    010
NODE   207     25.00      0.00   -800.00                    010
NODE   208    250.00    266.67   -200.00                    000
NODE   209    250.00    133.33   -200.00                    000
NODE   210    250.00    266.67   -400.00                    000
NODE   211    250.00    133.33   -400.00                    000
NODE   212    250.00    266.67   -600.00                    000
NODE   213    250.00    133.33   -600.00                    000
NODE   214    250.00    266.67   -800.00                    000
NODE   215    250.00    133.33   -800.00                    000
NODE   216    150.00    266.67      0.00                    000
NODE   217    150.00    133.33      0.00                    000
NODE   218    150.00    266.67  -1000.00                    001
NODE   219    150.00    133.33  -1000.00                    001
NODE   220    150.00      0.00   -200.00                    010
NODE   221    150.00      0.00   -400.00                    010
NODE   222    150.00      0.00   -600.00                    010
NODE   223    150.00      0.00   -800.00                    010
NODE   224    500.00    266.67   -200.00                    000
NODE   225    500.00    133.33   -200.00                    000
NODE   226    500.00    266.67   -400.00                    000
NODE   227    500.00    133.33   -400.00                    000
NODE   228    500.00    266.67   -600.00                    000
NODE   229    500.00    133.33   -600.00                    000
NODE   230    500.00    266.67   -800.00                    000
NODE   231    500.00    133.33   -800.00                    000
NODE   232    375.00    266.67      0.00                    000
NODE   233    375.00    133.33      0.00                    000
NODE   234    375.00    266.67  -1000.00                    001
NODE   235    375.00    133.33  -1000.00                    001
NODE   236    375.00      0.00   -200.00                    010
NODE   237    375.00      0.00   -400.00                    010
NODE   238    375.00      0.00   -600.00                    010
NODE   239    375.00      0.00   -800.00                    010
NODE   240      0.00    266.67     50.00                    100
NODE   241      0.00    133.33     50.00                    100
NODE   242     50.00    266.67     50.00                    000
NODE   243     50.00    133.33     50.00                    000
NODE   244     25.00    266.67    100.00                    000
NODE   245     25.00    133.33    100.00                    000
NODE   246     25.00      0.00     50.00                    010
NODE   247    250.00    266.67     50.00                    000
NODE   248    250.00    133.33     50.00                    000
NODE   249    150.00    266.67    100.00                    000
NODE   250    150.00    133.33    100.00                    000
NODE   251    150.00      0.00     50.00                    010
NODE   252      0.00    266.67    225.00                    100
NODE   253      0.00    133.33    225.00                    100
NODE   254      0.00    266.67    350.00                    100
NODE   255      0.00    133.33    350.00                    100
NODE   256      0.00    266.67    475.00                    100
NODE   257      0.00    133.33    475.00                    100
NODE   258     50.00    266.67    225.00                    000
NODE   259     50.00    133.33    225.00                    000
NODE   260     50.00    266.67    350.00                    000
NODE   261     50.00    133.33    350.00                    000
NODE   262     50.00    266.67    475.00                    000
NODE   263     50.00    133.33    475.00                    000
NODE   264     25.00    266.67    600.00                    000
NODE   265     25.00    133.33    600.00                    000
NODE   266     25.00      0.00    225.00                    010
NODE   267     25.00      0.00    350.00                    010
NODE   268     25.00      0.00    475.00                    010
NODE   269    250.00    600.00   -200.00                    000
NODE   270    250.00    800.00   -200.00                    000
NODE   271    250.00    600.00   -400.00                    000
NODE   272    250.00    800.00   -400.00                    000
NODE   273    250.00    600.00   -600.00                    000
NODE   274    250.00    800.00   -600.00                    000
NODE   275    250.00    600.00   -800.00                    000
NODE   276    250.00    800.00   -800.00                    000
NODE   277    500.00    600.00   -200.00                    000
NODE   278    500.00    800.00   -200.00                    000
NODE   279    500.00    600.00   -400.00                    000
NODE   280    500.00    800.00   -400.00                    000
NODE   281    500.00    600.00   -600.00                    000
NODE   282    500.00    800.00   -600.00                    000
NODE   283    500.00    600.00   -800.00                    000
NODE   284    500.00    800.00   -800.00                    000
NODE   285    375.00    600.00      0.00                    000
NODE   286    375.00    800.00      0.00                    000
NODE   287    375.00    600.00  -1000.00                    001
NODE   288    375.00    800.00  -1000.00                    001
NODE   289    375.00   1000.00   -200.00                    000
NODE   290    375.00   1000.00   -400.00                    000
NODE   291    375.00   1000.00   -600.00                    000
NODE   292    375.00   1000.00   -800.00                    000
NODE   293     50.00    600.00   -200.00                    000
NODE   294     50.00    800.00   -200.00                    000
NODE   295     50.00    600.00   -400.00                    000
NODE   296     50.00    800.00   -400.00                    000
NODE   297     50.00    600.00   -600.00                    000
NODE   298     50.00    800.00   -600.00                    000
NODE   299     50.00    600.00   -800.00                    000
NODE   300     50.00    800.00   -800.00                    000
NODE   301    150.00    600.00      0.00                    000
NODE   302    150.00    800.00      0.00                    000
NODE   303    150.00    600.00  -1000.00                    001
NODE   304    150.00    800.00  -1000.00                    001
NODE   305    150.00   1000.00   -200.00                    000
NODE   306    150.00   1000.00   -400.00                    000
NODE   307    150.00   1000.00   -600.00                    000
NODE   308    150.00   1000.00   -800.00                    000
NODE   309      0.00    600.00   -200.00                    100
NODE   310      0.00    800.00   -200.00                    100
NODE   311      0.00    600.00   -400.00                    100
NODE   312      0.00    800.00   -400.00                    100
NODE   313      0.00    600.00   -600.00                    100
NODE   314      0.00    800.00   -600.00                    100
NODE   315      0.00    600.00   -800.00                    100
NODE   316      0.00    800.00   -800.00                    100
NODE   317     25.00    600.00      0.00                    000
NODE   318     25.00    800.00      0.00                    000
NODE   319     25.00    600.00  -1000.00                    001
NODE   320     25.00    800.00  -1000.00                    001
NODE   321     25.00   1000.00   -200.00                    000
NODE   322     25.00   1000.00   -400.00                    000
NODE   323     25.00   1000.00   -600.00                    000
NODE   324     25.00   1000.00   -800.00                    000
NODE   325     25.00    266.67   -200.00                    000
NODE   326     25.00    133.33   -200.00                    000
NODE   327     25.00    266.67   -400.00                    000
NODE   328     25.00    133.33   -400.00                    000
NODE   329     25.00    266.67   -600.00                    000
NODE   330     25.00    133.33   -600.00                    000
NODE   331     25.00    266.67   -800.00                    000
NODE   332     25.00    133.33   -800.00                    000
NODE   333    150.00    266.67   -200.00                    000
NODE   334    150.00    133.33   -200.00                    000
NODE   335    150.00    266.67   -400.00                    000
NODE   336    150.00    133.33   -400.00                    000
NODE   337    150.00    266.67   -600.00                    000
NODE   338    150.00    133.33   -600.00                    000
NODE   339    150.00    266.67   -800.00                    000
NODE   340    150.00    133.33   -800.00                    000
NODE   341    375.00    266.67   -200.00                    000
NODE   342    375.00    133.33   -200.00                    000
NODE   343    375.00    266.67   -400.00                    000
NODE   344    375.00    133.33   -400.00                    000
NODE   345    375.00    266.67   -600.00                    000
NODE   346    375.00    133.33   -600.00                    000
NODE   347    375.00    266.67   -800.00                    000
NODE   348    375.00    133.33   -800.00                    000
NODE   349     25.00    266.67     50.00                    000
NODE   350     25.00    133.33     50.00                    000
NODE   351    150.00    266.67     50.00                    000
NODE   352    150.00    133.33     50.00                    000
NODE   353     25.00    266.67    225.00                    000
NODE   354     25.00    133.33    225.00                    000
NODE   355     25.00    266.67    350.00                    000
NODE   356     25.00    133.33    350.00                    000
NODE   357     25.00    266.67    475.00                    000
NODE   358     25.00    133.33    475.00                    000
NODE   359    375.00    600.00   -200.00                    000
NODE   360    375.00    800.00   -200.00                    000
NODE   361    375.00    600.00   -400.00                    000
NODE   362    375.00    800.00   -400.00                    000
NODE   363    375.00    600.00   -600.00                    000
NODE   364    375.00    800.00   -600.00                    000
NODE   365    375.00    600.00   -800.00                    000
NODE   366    375.00    800.00   -800.00                    000
NODE   367    150.00    600.00   -200.00                    000
NODE   368    150.00    800.00   -200.00                    000
NODE   369    150.00    600.00   -400.00                    000
NODE   370    150.00    800.00   -400.00                    000
NODE   371    150.00    600.00   -600.00                    000
NODE   372    150.00    800.00   -600.00                    000
NODE   373    150.00    600.00   -800.00                    000
NODE   374    150.00    800.00   -800.00                    000
NODE   375     25.00    600.00   -200.00                    000
NODE   376     25.00    800.00   -200.00                    000
NODE   377     25.00    600.00   -400.00                    000
NODE   378     25.00    800.00   -400.00                    000
NODE   379     25.00    600.00   -600.00                    000
NODE   380     25.00    800.00   -600.00                    000
NODE   381     25.00    600.00   -800.00                    000
NODE   382     25.00    800.00   -800.00                    000
ELEM
ELEM   207  325  200   69  184  167   35    1   38    0    0    0    0    0
    0    0    0    0    0    0    0    1  210000.0      0.20     240.0   0.00255
ELEM   208  326  201   70  185  325  200   69  184    0    0    0    0    0
    0    0    0    0    0    0    0    1  210000.0      0.20     240.0   0.00255
ELEM   209  204   85   14   73  326  201   70  185    0    0    0    0    0
    0    0    0    0    0    0    0    1  210000.0      0.20     240.0   0.00255
ELEM   210  327  325  184  186  168  167   38   39    0    0    0    0    0
    0    0    0    0    0    0    0    1  210000.0      0.20     240.0   0.00255
ELEM   211  328  326  185  187  327  325  184  186    0    0    0    0    0
    0    0    0    0    0    0    0    1  210000.0      0.20     240.0   0.00255
ELEM   212  205  204   73   74  328  326  185  187    0    0    0    0    0
    0    0    0    0    0    0    0    1  210000.0      0.20     240.0   0.00255
ELEM   213  329  327  186  188  169  168   39   40    0    0    0    0    0
    0    0    0    0    0    0    0    1  210000.0      0.20     240.0   0.00255
ELEM   214  330  328  187  189  329  327  186  188    0    0    0    0    0
    0    0    0    0    0    0    0    1  210000.0      0.20     240.0   0.00255
ELEM   215  206  205   74   75  330  328  187  189    0    0    0    0    0
    0    0    0    0    0    0    0    1  210000.0      0.20     240.0   0.00255
ELEM   216  331  329  188  190  170  169   40   41    0    0    0    0    0
    0    0    0    0    0    0    0    1  210000.0      0.20     240.0   0.00255
ELEM   217  332  330  189  191  331  329  188  190    0    0    0    0    0
    0    0    0    0    0    0    0    1  210000.0      0.20     240.0   0.00255
ELEM   218  207  206   75   76  332  330  189  191    0    0    0    0    0
    0    0    0    0    0    0    0    1  210000.0      0.20     240.0   0.00255
ELEM   219  202  331  190   71   46  170   41    5    0    0    0    0    0
    0    0    0    0    0    0    0    1  210000.0      0.20     240.0   0.00255
ELEM   220  203  332  191   72  202  331  190   71    0    0    0    0    0
    0    0    0    0    0    0    0    1  210000.0      0.20     240.0   0.00255
ELEM   221   86  207   76   15  203  332  191   72    0    0    0    0    0
    0    0    0    0    0    0    0    1  210000.0      0.20     240.0   0.00255
ELEM   222  192   77  200  325   42    2   35  167    0    0    0    0    0
    0    0    0    0    0    0    0    1  210000.0      0.20     240.0   0.00255
ELEM   223  193   78  201  326  192   77  200  325    0    0    0    0    0
    0    0    0    0    0    0    0    1  210000.0      0.20     240.0   0.00255
ELEM   224   81   16   85  204  193   78  201  326    0    0    0    0    0
    0    0    0    0    0    0    0    1  210000.0      0.20     240.0   0.00255
ELEM   225  194  192  325  327   43   42  167  168    0    0    0    0    0
    0    0    0    0    0    0    0    1  210000.0      0.20     240.0   0.00255
ELEM   226  195  193  326  328  194  192  325  327    0    0    0    0    0
    0    0    0    0    0    0    0    1  210000.0      0.20     240.0   0.00255
ELEM   227   82   81  204  205  195  193  326  328    0    0    0    0    0
    0    0    0    0    0    0    0    1  210000.0      0.20     240.0   0.00255
ELEM   228  196  194  327  329   44   43  168  169    0    0    0    0    0
    0    0    0    0    0    0    0    1  210000.0      0.20     240.0   0.00255
ELEM   229  197  195  328  330  196  194  327  329    0    0    0    0    0
    0    0    0    0    0    0    0    1  210000.0      0.20     240.0   0.00255
ELEM   230   83   82  205  206  197  195  328  330    0    0    0    0    0
    0    0    0    0    0    0    0    1  210000.0      0.20     240.0   0.00255
ELEM   231  198  196  329  331   45   44  169  170    0    0    0    0    0
    0    0    0    0    0    0    0    1  210000.0      0.20     240.0   0.00255
ELEM   232  199  197  330  332  198  196  329  331    0    0    0    0    0
    0    0    0    0    0    0    0    1  210000.0      0.20     240.0   0.00255
ELEM   233   84   83  206  207  199  197  330  332    0    0    0    0    0
    0    0    0    0    0    0    0    1  210000.0      0.20     240.0   0.00255
ELEM   234   79  198  331  202    6   45  170   46    0    0    0    0    0
    0    0    0    0    0    0    0    1  210000.0      0.20     240.0   0.00255
ELEM   235   80  199  332  203   79  198  331  202    0    0    0    0    0
    0    0    0    0    0    0    0    1  210000.0      0.20     240.0   0.00255
ELEM   236   17   84  207   86   80  199  332  203    0    0    0    0    0
    0    0    0    0    0    0    0    1  210000.0      0.20     240.0   0.00255
ELEM   237  333  216   77  192  171   36    2   42    0    0    0    0    0
    0    0    0    0    0    0    0    1  210000.0      0.20     240.0   0.00255
ELEM   238  334  217   78  193  333  216   77  192    0    0    0    0    0
    0    0    0    0    0    0    0    1  210000.0      0.20     240.0   0.00255
ELEM   239  220   95   16   81  334  217   78  193    0    0    0    0    0
    0    0    0    0    0    0    0    1  210000.0      0.20     240.0   0.00255
ELEM   240  335  333  192  194  172  171   42   43    0    0    0    0    0
    0    0    0    0    0    0    0    1  210000.0      0.20     240.0   0.00255
ELEM   241  336  334  193  195  335  333  192  194    0    0    0    0    0
    0    0    0    0    0    0    0    1  210000.0      0.20     240.0   0.00255
ELEM   242  221  220   81   82  336  334  193  195    0    0    0    0    0
    0    0    0    0    0    0    0    1  210000.0      0.20     240.0   0.00255
ELEM   243  337  335  194  196  173  172   43   44    0    0    0    0    0
    0    0    0    0    0    0    0    1  210000.0      0.20     240.0   0.00255
ELEM   244  338  336  195  197  337  335  194  196    0    0    0    0    0
    0    0    0    0    0    0    0    1  210000.0      0.20     240.0   0.00255
ELEM   245  222  221   82   83  338  336  195  197    0    0    0    0    0
    0    0    0    0    0    0    0    1  210000.0      0.20     240.0   0.00255
ELEM   246  339  337  196  198  174  173   44   45    0    0    0    0    0
    0    0    0    0    0    0    0    1  210000.0      0.20     240.0   0.00255
ELEM   247  340  338  197  199  339  337  196  198    0    0    0    0    0
    0    0    0    0    0    0    0    1  210000.0      0.20     240.0   0.00255
ELEM   248  223  222   83   84  340  338  197  199    0    0    0    0    0
    0    0    0    0    0    0    0    1  210000.0      0.20     240.0   0.00255
ELEM   249  218  339  198   79   51  174   45    6    0    0    0    0    0
    0    0    0    0    0    0    0    1  210000.0      0.20     240.0   0.00255
ELEM   250  219  340  199   80  218  339  198   79    0    0    0    0    0
    0    0    0    0    0    0    0    1  210000.0      0.20     240.0   0.00255
ELEM   251   96  223   84   17  219  340  199   80    0    0    0    0    0
    0    0    0    0    0    0    0    1  210000.0      0.20     240.0   0.00255
ELEM   252  208   87  216  333   47    3   36  171    0    0    0    0    0
    0    0    0    0    0    0    0    1  210000.0      0.20     240.0   0.00255
ELEM   253  209   88  217  334  208   87  216  333    0    0    0    0    0
    0    0    0    0    0    0    0    1  210000.0      0.20     240.0   0.00255
ELEM   254   91   18   95  220  209   88  217  334    0    0    0    0    0
    0    0    0    0    0    0    0    1  210000.0      0.20     240.0   0.00255
ELEM   255  210  208  333  335   48   47  171  172    0    0    0    0    0
    0    0    0    0    0    0    0    1  210000.0      0.20     240.0   0.00255
ELEM   256  211  209  334  336  210  208  333  335    0    0    0    0    0
    0    0    0    0    0    0    0    1  210000.0      0.20     240.0   0.00255
ELEM   257   92   91  220  221  211  209  334  336    0    0    0    0    0
    0    0    0    0    0    0    0    1  210000.0      0.20     240.0   0.00255
ELEM   258  212  210  335  337   49   48  172  173    0    0    0    0    0
    0    0    0    0    0    0    0    1  210000.0      0.20     240.0   0.00255
ELEM   259  213  211  336  338  212  210  335  337    0    0    0    0    0
    0    0    0    0    0    0    0    1  210000.0      0.20     240.0   0.00255
ELEM   260   93   92  221  222  213  211  336  338    0    0    0    0    0
    0    0    0    0    0    0    0    1  210000.0      0.20     240.0   0.00255
ELEM   261  214  212  337  339   50   49  173  174    0    0    0    0    0
    0    0    0    0    0    0    0    1  210000.0      0.20     240.0   0.00255
ELEM   262  215  213  338  340  214  212  337  339    0    0    0    0    0
    0    0    0    0    0    0    0    1  210000.0      0.20     240.0   0.00255
ELEM   263   94   93  222  223  215  213  338  340    0    0    0    0    0
    0    0    0    0    0    0    0    1  210000.0      0.20     240.0   0.00255
ELEM   264   89  214  339  218    7   50  174   51    0    0    0    0    0
    0    0    0    0    0    0    0    1  210000.0      0.20     240.0   0.00255
ELEM   265   90  215  340  219   89  214  339  218    0    0    0    0    0
    0    0    0    0    0    0    0    1  210000.0      0.20     240.0   0.00255
ELEM   266   19   94  223   96   90  215  340  219    0    0    0    0    0
    0    0    0    0    0    0    0    1  210000.0      0.20     240.0   0.00255
ELEM   267  341  232   87  208  175   37    3   47    0    0    0    0    0
    0    0    0    0    0    0    0    1  210000.0      0.20     240.0   0.00255
ELEM   268  342  233   88  209  341  232   87  208    0    0    0    0    0
    0    0    0    0    0    0    0    1  210000.0      0.20     240.0   0.00255
ELEM   269  236  105   18   91  342  233   88  209    0    0    0    0    0
    0    0    0    0    0    0    0    1  210000.0      0.20     240.0   0.00255
ELEM   270  343  341  208  210  176  175   47   48    0    0    0    0    0
    0    0    0    0    0    0    0    1  210000.0      0.20     240.0   0.00255
ELEM   271  344  342  209  211  343  341  208  210    0    0    0    0    0
    0    0    0    0    0    0    0    1  210000.0      0.20     240.0   0.00255
ELEM   272  237  236   91   92  344  342  209  211    0    0    0    0    0
    0    0    0    0    0    0    0    1  210000.0      0.20     240.0   0.00255
ELEM   273  345  343  210  212  177  176   48   49    0    0    0    0    0
    0    0    0    0    0    0    0    1  210000.0      0.20     240.0   0.00255
ELEM   274  346  344  211  213  345  343  210  212    0    0    0    0    0
    0    0    0    0    0    0    0    1  210000.0      0.20     240.0   0.00255
ELEM   275  238  237   92   93  346  344  211  213    0    0    0    0    0
    0    0    0    0    0    0    0    1  210000.0      0.20     240.0   0.00255
ELEM   276  347  345  212  214  178  177   49   50    0    0    0    0    0
    0    0    0    0    0    0    0    1  210000.0      0.20     240.0   0.00255
ELEM   277  348  346  213  215  347  345  212  214    0    0    0    0    0
    0    0    0    0    0    0    0    1  210000.0      0.20     240.0   0.00255
ELEM   278  239  238   93   94  348  346  213  215    0    0    0    0    0
    0    0    0    0    0    0    0    1  210000.0      0.20     240.0   0.00255
ELEM   279  234  347  214   89   56  178   50    7    0    0    0    0    0
    0    0    0    0    0    0    0    1  210000.0      0.20     240.0   0.00255
ELEM   280  235  348  215   90  234  347  214   89    0    0    0    0    0
    0    0    0    0    0    0    0    1  210000.0      0.20     240.0   0.00255
ELEM   281  106  239   94   19  235  348  215   90    0    0    0    0    0
    0    0    0    0    0    0    0    1  210000.0      0.20     240.0   0.00255
ELEM   282  224   97  232  341   52    4   37  175    0    0    0    0    0
    0    0    0    0    0    0    0    1  210000.0      0.20     240.0   0.00255
ELEM   283  225   98  233  342  224   97  232  341    0    0    0    0    0
    0    0    0    0    0    0    0    1  210000.0      0.20     240.0   0.00255
ELEM   284  101   20  105  236  225   98  233  342    0    0    0    0    0
    0    0    0    0    0    0    0    1  210000.0      0.20     240.0   0.00255
ELEM   285  226  224  341  343   53   52  175  176    0    0    0    0    0
    0    0    0    0    0    0    0    1  210000.0      0.20     240.0   0.00255
ELEM   286  227  225  342  344  226  224  341  343    0    0    0    0    0
    0    0    0    0    0    0    0    1  210000.0      0.20     240.0   0.00255
ELEM   287  102  101  236  237  227  225  342  344    0    0    0    0    0
    0    0    0    0    0    0    0    1  210000.0      0.20     240.0   0.00255
ELEM   288  228  226  343  345   54   53  176  177    0    0    0    0    0
    0    0    0    0    0    0    0    1  210000.0      0.20     240.0   0.00255
ELEM   289  229  227  344  346  228  226  343  345    0    0    0    0    0
    0    0    0    0    0    0    0    1  210000.0      0.20     240.0   0.00255
ELEM   290  103  102  237  238  229  227  344  346    0    0    0    0    0
    0    0    0    0    0    0    0    1  210000.0      0.20     240.0   0.00255
ELEM   291  230  228  345  347   55   54  177  178    0    0    0    0    0
    0    0    0    0    0    0    0    1  210000.0      0.20     240.0   0.00255
ELEM   292  231  229  346  348  230  228  345  347    0    0    0    0    0
    0    0    0    0    0    0    0    1  210000.0      0.20     240.0   0.00255
ELEM   293  104  103  238  239  231  229  346  348    0    0    0    0    0
    0    0    0    0    0    0    0    1  210000.0      0.20     240.0   0.00255
ELEM   294   99  230  347  234    8   55  178   56    0    0    0    0    0
    0    0    0    0    0    0    0    1  210000.0      0.20     240.0   0.00255
ELEM   295  100  231  348  235   99  230  347  234    0    0    0    0    0
    0    0    0    0    0    0    0    1  210000.0      0.20     240.0   0.00255
ELEM   296   21  104  239  106  100  231  348  235    0    0    0    0    0
    0    0    0    0    0    0    0    1  210000.0      0.20     240.0   0.00255
ELEM   297   69  200  349  240    1   35  179   57    0    0    0    0    0
    0    0    0    0    0    0    0    8  210000.0      0.20     300.0   0.00255
       1.0       0.0       0.0 2100000.0    3450.0   0.00000       0.0     2.927
       0.0       1.0       0.0 2100000.0    3450.0   0.00000     20.50   100.000
       0.0       0.0       1.0 2100000.0    3450.0   0.00000       0.0     8.441
ELEM   298   70  201  350  241   69  200  349  240    0    0    0    0    0
    0    0    0    0    0    0    0    8  210000.0      0.20     300.0   0.00255
       1.0       0.0       0.0 2100000.0    3450.0   0.00000       0.0     2.927
       0.0       1.0       0.0 2100000.0    3450.0   0.00000     20.50   100.000
       0.0       0.0       1.0 2100000.0    3450.0   0.00000       0.0     8.441
ELEM   299   14   85  246  109   70  201  350  241    0    0    0    0    0
    0    0    0    0    0    0    0    8  210000.0      0.20     300.0   0.00255
       1.0       0.0       0.0 2100000.0    3450.0   0.00000       0.0     2.927
       0.0       1.0       0.0 2100000.0    3450.0   0.00000     20.50   100.000
       0.0       0.0       1.0 2100000.0    3450.0   0.00000       0.0     8.441
ELEM   300  240  349  244  107   57  179   59    9    0    0    0    0    0
    0    0    0    0    0    0    0    8  210000.0      0.20     300.0   0.00255
       1.0       0.0       0.0 2100000.0    3450.0   0.00000       0.0     2.927
       0.0       1.0       0.0 2100000.0    3450.0   0.00000     20.50   100.000
       0.0       0.0       1.0 2100000.0    3450.0   0.00000       0.0     8.441
ELEM   301  241  350  245  108  240  349  244  107    0    0    0    0    0
    0    0    0    0    0    0    0    8  210000.0      0.20     300.0   0.00255
       1.0       0.0       0.0 2100000.0    3450.0   0.00000       0.0     2.927
       0.0       1.0       0.0 2100000.0    3450.0   0.00000     20.50   100.000
       0.0       0.0       1.0 2100000.0    3450.0   0.00000       0.0     8.441
ELEM   302  109  246  113   22  241  350  245  108    0    0    0    0    0
    0    0    0    0    0    0    0    8  210000.0      0.20     300.0   0.00255
       1.0       0.0       0.0 2100000.0    3450.0   0.00000       0.0     2.927
       0.0       1.0       0.0 2100000.0    3450.0   0.00000     20.50   100.000
       0.0       0.0       1.0 2100000.0    3450.0   0.00000       0.0     8.441
ELEM   303  200   77  242  349   35    2   58  179    0    0    0    0    0
    0    0    0    0    0    0    0    8  210000.0      0.20     300.0   0.00255
       1.0       0.0       0.0 2100000.0    3450.0   0.00000       0.0     2.927
       0.0       1.0       0.0 2100000.0    3450.0   0.00000     20.50   100.000
       0.0       0.0       1.0 2100000.0    3450.0   0.00000       0.0     8.441
ELEM   304  201   78  243  350  200   77  242  349    0    0    0    0    0
    0    0    0    0    0    0    0    8  210000.0      0.20     300.0   0.00255
       1.0       0.0       0.0 2100000.0    3450.0   0.00000       0.0     2.927
       0.0       1.0       0.0 2100000.0    3450.0   0.00000     20.50   100.000
       0.0       0.0       1.0 2100000.0    3450.0   0.00000       0.0     8.441
ELEM   305   85   16  112  246  201   78  243  350    0    0    0    0    0
    0    0    0    0    0    0    0    8  210000.0      0.20     300.0   0.00255
       1.0       0.0       0.0 2100000.0    3450.0   0.00000       0.0     2.927
       0.0       1.0       0.0 2100000.0    3450.0   0.00000     20.50   100.000
       0.0       0.0       1.0 2100000.0    3450.0   0.00000       0.0     8.441
ELEM   306  349  242  110  244  179   58   10   59    0    0    0    0    0
    0    0    0    0    0    0    0    8  210000.0      0.20     300.0   0.00255
       1.0       0.0       0.0 2100000.0    3450.0   0.00000       0.0     2.927
       0.0       1.0       0.0 2100000.0    3450.0   0.00000     20.50   100.000
       0.0       0.0       1.0 2100000.0    3450.0   0.00000       0.0     8.441
ELEM   307  350  243  111  245  349  242  110  244    0    0    0    0    0
    0    0    0    0    0    0    0    8  210000.0      0.20     300.0   0.00255
       1.0       0.0       0.0 2100000.0    3450.0   0.00000       0.0     2.927
       0.0       1.0       0.0 2100000.0    3450.0   0.00000     20.50   100.000
       0.0       0.0       1.0 2100000.0    3450.0   0.00000       0.0     8.441
ELEM   308  246  112   23  113  350  243  111  245    0    0    0    0    0
    0    0    0    0    0    0    0    8  210000.0      0.20     300.0   0.00255
       1.0       0.0       0.0 2100000.0    3450.0   0.00000       0.0     2.927
       0.0       1.0       0.0 2100000.0    3450.0   0.00000     20.50   100.000
       0.0       0.0       1.0 2100000.0    3450.0   0.00000       0.0     8.441
ELEM   309   77  216  351  242    2   36  180   58    0    0    0    0    0
    0    0    0    0    0    0    0    8  210000.0      0.20     300.0   0.00255
       1.0       0.0       0.0 2100000.0    3450.0   0.00000       0.0   100.000
       0.0       1.0       0.0 2100000.0    3450.0   0.00000     20.50   100.000
       0.0       0.0       1.0 2100000.0    3450.0   0.00000       0.0     8.441
ELEM   310   78  217  352  243   77  216  351  242    0    0    0    0    0
    0    0    0    0    0    0    0    8  210000.0      0.20     300.0   0.00255
       1.0       0.0       0.0 2100000.0    3450.0   0.00000       0.0   100.000
       0.0       1.0       0.0 2100000.0    3450.0   0.00000     20.50   100.000
       0.0       0.0       1.0 2100000.0    3450.0   0.00000       0.0     8.441
ELEM   311   16   95  251  112   78  217  352  243    0    0    0    0    0
    0    0    0    0    0    0    0    8  210000.0      0.20     300.0   0.00255
       1.0       0.0       0.0 2100000.0    3450.0   0.00000       0.0   100.000
       0.0       1.0       0.0 2100000.0    3450.0   0.00000     20.50   100.000
       0.0       0.0       1.0 2100000.0    3450.0   0.00000       0.0     8.441
ELEM   312  242  351  249  110   58  180   61   10    0    0    0    0    0
    0    0    0    0    0    0    0    8  210000.0      0.20     300.0   0.00255
       1.0       0.0       0.0 2100000.0    3450.0   0.00000       0.0   100.000
       0.0       1.0       0.0 2100000.0    3450.0   0.00000     20.50   100.000
       0.0       0.0       1.0 2100000.0    3450.0   0.00000       0.0     8.441
ELEM   313  243  352  250  111  242  351  249  110    0    0    0    0    0
    0    0    0    0    0    0    0    8  210000.0      0.20     300.0   0.00255
       1.0       0.0       0.0 2100000.0    3450.0   0.00000       0.0   100.000
       0.0       1.0       0.0 2100000.0    3450.0   0.00000     20.50   100.000
       0.0       0.0       1.0 2100000.0    3450.0   0.00000       0.0     8.441
ELEM   314  112  251  117   23  243  352  250  111    0    0    0    0    0
    0    0    0    0    0    0    0    8  210000.0      0.20     300.0   0.00255
       1.0       0.0       0.0 2100000.0    3450.0   0.00000       0.0   100.000
       0.0       1.0       0.0 2100000.0    3450.0   0.00000     20.50   100.000
       0.0       0.0       1.0 2100000.0    3450.0   0.00000       0.0     8.441
ELEM   315  216   87  247  351   36    3   60  180    0    0    0    0    0
    0    0    0    0    0    0    0    8  210000.0      0.20     300.0   0.00255
       1.0       0.0       0.0 2100000.0    3450.0   0.00000       0.0   100.000
       0.0       1.0       0.0 2100000.0    3450.0   0.00000     20.50   100.000
       0.0       0.0       1.0 2100000.0    3450.0   0.00000       0.0     8.441
ELEM   316  217   88  248  352  216   87  247  351    0    0    0    0    0
    0    0    0    0    0    0    0    8  210000.0      0.20     300.0   0.00255
       1.0       0.0       0.0 2100000.0    3450.0   0.00000       0.0   100.000
       0.0       1.0       0.0 2100000.0    3450.0   0.00000     20.50   100.000
       0.0       0.0       1.0 2100000.0    3450.0   0.00000       0.0     8.441
ELEM   317   95   18  116  251  217   88  248  352    0    0    0    0    0
    0    0    0    0    0    0    0    8  210000.0      0.20     300.0   0.00255
       1.0       0.0       0.0 2100000.0    3450.0   0.00000       0.0   100.000
       0.0       1.0       0.0 2100000.0    3450.0   0.00000     20.50   100.000
       0.0       0.0       1.0 2100000.0    3450.0   0.00000       0.0     8.441
ELEM   318  351  247  114  249  180   60   11   61    0    0    0    0    0
    0    0    0    0    0    0    0    8  210000.0      0.20     300.0   0.00255
       1.0       0.0       0.0 2100000.0    3450.0   0.00000       0.0   100.000
       0.0       1.0       0.0 2100000.0    3450.0   0.00000     20.50   100.000
       0.0       0.0       1.0 2100000.0    3450.0   0.00000       0.0     8.441
ELEM   319  352  248  115  250  351  247  114  249    0    0    0    0    0
    0    0    0    0    0    0    0    8  210000.0      0.20     300.0   0.00255
       1.0       0.0       0.0 2100000.0    3450.0   0.00000       0.0   100.000
       0.0       1.0       0.0 2100000.0    3450.0   0.00000     20.50   100.000
       0.0       0.0       1.0 2100000.0    3450.0   0.00000       0.0     8.441
ELEM   320  251  116   24  117  352  248  115  250    0    0    0    0    0
    0    0    0    0    0    0    0    8  210000.0      0.20     300.0   0.00255
       1.0       0.0       0.0 2100000.0    3450.0   0.00000       0.0   100.000
       0.0       1.0       0.0 2100000.0    3450.0   0.00000     20.50   100.000
       0.0       0.0       1.0 2100000.0    3450.0   0.00000       0.0     8.441
ELEM   321  107  244  353  252    9   59  181   62    0    0    0    0    0
    0    0    0    0    0    0    0    8  210000.0      0.20     240.0   0.00255
       1.0       0.0       0.0 2100000.0    3450.0   0.00000       0.0     2.640
       0.0       1.0       0.0 2100000.0    3450.0   0.00000      15.0   100.000
       0.0       0.0       1.0 2100000.0    3450.0   0.00000       0.0   100.000
ELEM   322  108  245  354  253  107  244  353  252    0    0    0    0    0
    0    0    0    0    0    0    0    8  210000.0      0.20     240.0   0.00255
       1.0       0.0       0.0 2100000.0    3450.0   0.00000       0.0     2.640
       0.0       1.0       0.0 2100000.0    3450.0   0.00000      15.0   100.000
       0.0       0.0       1.0 2100000.0    3450.0   0.00000       0.0   100.000
ELEM   323   22  113  266  120  108  245  354  253    0    0    0    0    0
    0    0    0    0    0    0    0    8  210000.0      0.20     240.0   0.00255
       1.0       0.0       0.0 2100000.0    3450.0   0.00000       0.0     2.640
       0.0       1.0       0.0 2100000.0    3450.0   0.00000      15.0   100.000
       0.0       0.0       1.0 2100000.0    3450.0   0.00000       0.0   100.000
ELEM   324  252  353  355  254   62  181  182   63    0    0    0    0    0
    0    0    0    0    0    0    0    8  210000.0      0.20     240.0   0.00255
       1.0       0.0       0.0 2100000.0    3450.0   0.00000       0.0     2.640
       0.0       1.0       0.0 2100000.0    3450.0   0.00000      15.0   100.000
       0.0       0.0       1.0 2100000.0    3450.0   0.00000       0.0   100.000
ELEM   325  253  354  356  255  252  353  355  254    0    0    0    0    0
    0    0    0    0    0    0    0    8  210000.0      0.20     240.0   0.00255
       1.0       0.0       0.0 2100000.0    3450.0   0.00000       0.0     2.640
       0.0       1.0       0.0 2100000.0    3450.0   0.00000      15.0   100.000
       0.0       0.0       1.0 2100000.0    3450.0   0.00000       0.0   100.000
ELEM   326  120  266  267  121  253  354  356  255    0    0    0    0    0
    0    0    0    0    0    0    0    8  210000.0      0.20     240.0   0.00255
       1.0       0.0       0.0 2100000.0    3450.0   0.00000       0.0     2.640
       0.0       1.0       0.0 2100000.0    3450.0   0.00000      15.0   100.000
       0.0       0.0       1.0 2100000.0    3450.0   0.00000       0.0   100.000
ELEM   327  254  355  357  256   63  182  183   64    0    0    0    0    0
    0    0    0    0    0    0    0    8  210000.0      0.20     240.0   0.00255
       1.0       0.0       0.0 2100000.0    3450.0   0.00000       0.0     2.640
       0.0       1.0       0.0 2100000.0    3450.0   0.00000      15.0   100.000
       0.0       0.0       1.0 2100000.0    3450.0   0.00000       0.0   100.000
ELEM   328  255  356  358  257  254  355  357  256    0    0    0    0    0
    0    0    0    0    0    0    0    8  210000.0      0.20     240.0   0.00255
       1.0       0.0       0.0 2100000.0    3450.0   0.00000       0.0     2.640
       0.0       1.0       0.0 2100000.0    3450.0   0.00000      15.0   100.000
       0.0       0.0       1.0 2100000.0    3450.0   0.00000       0.0   100.000
ELEM   329  121  267  268  122  255  356  358  257    0    0    0    0    0
    0    0    0    0    0    0    0    8  210000.0      0.20     240.0   0.00255
       1.0       0.0       0.0 2100000.0    3450.0   0.00000       0.0     2.640
       0.0       1.0       0.0 2100000.0    3450.0   0.00000      15.0   100.000
       0.0       0.0       1.0 2100000.0    3450.0   0.00000       0.0   100.000
ELEM   330  256  357  264  118   64  183   68   12    0    0    0    0    0
    0    0    0    0    0    0    0    8  210000.0      0.20     240.0   0.00255
       1.0       0.0       0.0 2100000.0    3450.0   0.00000       0.0     2.640
       0.0       1.0       0.0 2100000.0    3450.0   0.00000      15.0   100.000
       0.0       0.0       1.0 2100000.0    3450.0   0.00000       0.0   100.000
ELEM   331  257  358  265  119  256  357  264  118    0    0    0    0    0
    0    0    0    0    0    0    0    8  210000.0      0.20     240.0   0.00255
       1.0       0.0       0.0 2100000.0    3450.0   0.00000       0.0     2.640
       0.0       1.0       0.0 2100000.0    3450.0   0.00000      15.0   100.000
       0.0       0.0       1.0 2100000.0    3450.0   0.00000       0.0   100.000
ELEM   332  122  268  128   25  257  358  265  119    0    0    0    0    0
    0    0    0    0    0    0    0    8  210000.0      0.20     240.0   0.00255
       1.0       0.0       0.0 2100000.0    3450.0   0.00000       0.0     2.640
       0.0       1.0       0.0 2100000.0    3450.0   0.00000      15.0   100.000
       0.0       0.0       1.0 2100000.0    3450.0   0.00000       0.0   100.000
ELEM   333  244  110  258  353   59   10   65  181    0    0    0    0    0
    0    0    0    0    0    0    0    8  210000.0      0.20     240.0   0.00255
       1.0       0.0       0.0 2100000.0    3450.0   0.00000       0.0     2.640
       0.0       1.0       0.0 2100000.0    3450.0   0.00000      15.0   100.000
       0.0       0.0       1.0 2100000.0    3450.0   0.00000       0.0   100.000
ELEM   334  245  111  259  354  244  110  258  353    0    0    0    0    0
    0    0    0    0    0    0    0    8  210000.0      0.20     240.0   0.00255
       1.0       0.0       0.0 2100000.0    3450.0   0.00000       0.0     2.640
       0.0       1.0       0.0 2100000.0    3450.0   0.00000      15.0   100.000
       0.0       0.0       1.0 2100000.0    3450.0   0.00000       0.0   100.000
ELEM   335  113   23  125  266  245  111  259  354    0    0    0    0    0
    0    0    0    0    0    0    0    8  210000.0      0.20     240.0   0.00255
       1.0       0.0       0.0 2100000.0    3450.0   0.00000       0.0     2.640
       0.0       1.0       0.0 2100000.0    3450.0   0.00000      15.0   100.000
       0.0       0.0       1.0 2100000.0    3450.0   0.00000       0.0   100.000
ELEM   336  353  258  260  355  181   65   66  182    0    0    0    0    0
    0    0    0    0    0    0    0    8  210000.0      0.20     240.0   0.00255
       1.0       0.0       0.0 2100000.0    3450.0   0.00000       0.0     2.640
       0.0       1.0       0.0 2100000.0    3450.0   0.00000      15.0   100.000
       0.0       0.0       1.0 2100000.0    3450.0   0.00000       0.0   100.000
ELEM   337  354  259  261  356  353  258  260  355    0    0    0    0    0
    0    0    0    0    0    0    0    8  210000.0      0.20     240.0   0.00255
       1.0       0.0       0.0 2100000.0    3450.0   0.00000       0.0     2.640
       0.0       1.0       0.0 2100000.0    3450.0   0.00000      15.0   100.000
       0.0       0.0       1.0 2100000.0    3450.0   0.00000       0.0   100.000
ELEM   338  266  125  126  267  354  259  261  356    0    0    0    0    0
    0    0    0    0    0    0    0    8  210000.0      0.20     240.0   0.00255
       1.0       0.0       0.0 2100000.0    3450.0   0.00000       0.0     2.640
       0.0       1.0       0.0 2100000.0    3450.0   0.00000      15.0   100.000
       0.0       0.0       1.0 2100000.0    3450.0   0.00000       0.0   100.000
ELEM   339  355  260  262  357  182   66   67  183    0    0    0    0    0
    0    0    0    0    0    0    0    8  210000.0      0.20     240.0   0.00255
       1.0       0.0       0.0 2100000.0    3450.0   0.00000       0.0     2.640
       0.0       1.0       0.0 2100000.0    3450.0   0.00000      15.0   100.000
       0.0       0.0       1.0 2100000.0    3450.0   0.00000       0.0   100.000
ELEM   340  356  261  263  358  355  260  262  357    0    0    0    0    0
    0    0    0    0    0    0    0    8  210000.0      0.20     240.0   0.00255
       1.0       0.0       0.0 2100000.0    3450.0   0.00000       0.0     2.640
       0.0       1.0       0.0 2100000.0    3450.0   0.00000      15.0   100.000
       0.0       0.0       1.0 2100000.0    3450.0   0.00000       0.0   100.000
ELEM   341  267  126  127  268  356  261  263  358    0    0    0    0    0
    0    0    0    0    0    0    0    8  210000.0      0.20     240.0   0.00255
       1.0       0.0       0.0 2100000.0    3450.0   0.00000       0.0     2.640
       0.0       1.0       0.0 2100000.0    3450.0   0.00000      15.0   100.000
       0.0       0.0       1.0 2100000.0    3450.0   0.00000       0.0   100.000
ELEM   342  357  262  123  264  183   67   13   68    0    0    0    0    0
    0    0    0    0    0    0    0    8  210000.0      0.20     240.0   0.00255
       1.0       0.0       0.0 2100000.0    3450.0   0.00000       0.0     2.640
       0.0       1.0       0.0 2100000.0    3450.0   0.00000      15.0   100.000
       0.0       0.0       1.0 2100000.0    3450.0   0.00000       0.0   100.000
ELEM   343  358  263  124  265  357  262  123  264    0    0    0    0    0
    0    0    0    0    0    0    0    8  210000.0      0.20     240.0   0.00255
       1.0       0.0       0.0 2100000.0    3450.0   0.00000       0.0     2.640
       0.0       1.0       0.0 2100000.0    3450.0   0.00000      15.0   100.000
       0.0       0.0       1.0 2100000.0    3450.0   0.00000       0.0   100.000
ELEM   344  268  127   26  128  358  263  124  265    0    0    0    0    0
    0    0    0    0    0    0    0    8  210000.0      0.20     240.0   0.00255
       1.0       0.0       0.0 2100000.0    3450.0   0.00000       0.0     2.640
       0.0       1.0       0.0 2100000.0    3450.0   0.00000      15.0   100.000
       0.0       0.0       1.0 2100000.0    3450.0   0.00000       0.0   100.000
ELEM   345  129  285  359  269    3   37  175   47    0    0    0    0    0
    0    0    0    0    0    0    0    1  210000.0      0.20     240.0   0.00255
ELEM   346  130  286  360  270  129  285  359  269    0    0    0    0    0
    0    0    0    0    0    0    0    1  210000.0      0.20     240.0   0.00255
ELEM   347   27  145  289  133  130  286  360  270    0    0    0    0    0
    0    0    0    0    0    0    0    1  210000.0      0.20     240.0   0.00255
ELEM   348  269  359  361  271   47  175  176   48    0    0    0    0    0
    0    0    0    0    0    0    0    1  210000.0      0.20     240.0   0.00255
ELEM   349  270  360  362  272  269  359  361  271    0    0    0    0    0
    0    0    0    0    0    0    0    1  210000.0      0.20     240.0   0.00255
ELEM   350  133  289  290  134  270  360  362  272    0    0    0    0    0
    0    0    0    0    0    0    0    1  210000.0      0.20     240.0   0.00255
ELEM   351  271  361  363  273   48  176  177   49    0    0    0    0    0
    0    0    0    0    0    0    0    1  210000.0      0.20     240.0   0.00255
ELEM   352  272  362  364  274  271  361  363  273    0    0    0    0    0
    0    0    0    0    0    0    0    1  210000.0      0.20     240.0   0.00255
ELEM   353  134  290  291  135  272  362  364  274    0    0    0    0    0
    0    0    0    0    0    0    0    1  210000.0      0.20     240.0   0.00255
ELEM   354  273  363  365  275   49  177  178   50    0    0    0    0    0
    0    0    0    0    0    0    0    1  210000.0      0.20     240.0   0.00255
ELEM   355  274  364  366  276  273  363  365  275    0    0    0    0    0
    0    0    0    0    0    0    0    1  210000.0      0.20     240.0   0.00255
ELEM   356  135  291  292  136  274  364  366  276    0    0    0    0    0
    0    0    0    0    0    0    0    1  210000.0      0.20     240.0   0.00255
ELEM   357  275  365  287  131   50  178   56    7    0    0    0    0    0
    0    0    0    0    0    0    0    1  210000.0      0.20     240.0   0.00255
ELEM   358  276  366  288  132  275  365  287  131    0    0    0    0    0
    0    0    0    0    0    0    0    1  210000.0      0.20     240.0   0.00255
ELEM   359  136  292  146   28  276  366  288  132    0    0    0    0    0
    0    0    0    0    0    0    0    1  210000.0      0.20     240.0   0.00255
ELEM   360  285  137  277  359   37    4   52  175    0    0    0    0    0
    0    0    0    0    0    0    0    1  210000.0      0.20     240.0   0.00255
ELEM   361  286  138  278  360  285  137  277  359    0    0    0    0    0
    0    0    0    0    0    0    0    1  210000.0      0.20     240.0   0.00255
ELEM   362  145   29  141  289  286  138  278  360    0    0    0    0    0
    0    0    0    0    0    0    0    1  210000.0      0.20     240.0   0.00255
ELEM   363  359  277  279  361  175   52   53  176    0    0    0    0    0
    0    0    0    0    0    0    0    1  210000.0      0.20     240.0   0.00255
ELEM   364  360  278  280  362  359  277  279  361    0    0    0    0    0
    0    0    0    0    0    0    0    1  210000.0      0.20     240.0   0.00255
ELEM   365  289  141  142  290  360  278  280  362    0    0    0    0    0
    0    0    0    0    0    0    0    1  210000.0      0.20     240.0   0.00255
ELEM   366  361  279  281  363  176   53   54  177    0    0    0    0    0
    0    0    0    0    0    0    0    1  210000.0      0.20     240.0   0.00255
ELEM   367  362  280  282  364  361  279  281  363    0    0    0    0    0
    0    0    0    0    0    0    0    1  210000.0      0.20     240.0   0.00255
ELEM   368  290  142  143  291  362  280  282  364    0    0    0    0    0
    0    0    0    0    0    0    0    1  210000.0      0.20     240.0   0.00255
ELEM   369  363  281  283  365  177   54   55  178    0    0    0    0    0
    0    0    0    0    0    0    0    1  210000.0      0.20     240.0   0.00255
ELEM   370  364  282  284  366  363  281  283  365    0    0    0    0    0
    0    0    0    0    0    0    0    1  210000.0      0.20     240.0   0.00255
ELEM   371  291  143  144  292  364  282  284  366    0    0    0    0    0
    0    0    0    0    0    0    0    1  210000.0      0.20     240.0   0.00255
ELEM   372  365  283  139  287  178   55    8   56    0    0    0    0    0
    0    0    0    0    0    0    0    1  210000.0      0.20     240.0   0.00255
ELEM   373  366  284  140  288  365  283  139  287    0    0    0    0    0
    0    0    0    0    0    0    0    1  210000.0      0.20     240.0   0.00255
ELEM   374  292  144   30  146  366  284  140  288    0    0    0    0    0
    0    0    0    0    0    0    0    1  210000.0      0.20     240.0   0.00255
ELEM   375  147  301  367  293    2   36  171   42    0    0    0    0    0
    0    0    0    0    0    0    0    1  210000.0      0.20     240.0   0.00255
ELEM   376  148  302  368  294  147  301  367  293    0    0    0    0    0
    0    0    0    0    0    0    0    1  210000.0      0.20     240.0   0.00255
ELEM   377   31  155  305  151  148  302  368  294    0    0    0    0    0
    0    0    0    0    0    0    0    1  210000.0      0.20     240.0   0.00255
ELEM   378  293  367  369  295   42  171  172   43    0    0    0    0    0
    0    0    0    0    0    0    0    1  210000.0      0.20     240.0   0.00255
ELEM   379  294  368  370  296  293  367  369  295    0    0    0    0    0
    0    0    0    0    0    0    0    1  210000.0      0.20     240.0   0.00255
ELEM   380  151  305  306  152  294  368  370  296    0    0    0    0    0
    0    0    0    0    0    0    0    1  210000.0      0.20     240.0   0.00255
ELEM   381  295  369  371  297   43  172  173   44    0    0    0    0    0
    0    0    0    0    0    0    0    1  210000.0      0.20     240.0   0.00255
ELEM   382  296  370  372  298  295  369  371  297    0    0    0    0    0
    0    0    0    0    0    0    0    1  210000.0      0.20     240.0   0.00255
ELEM   383  152  306  307  153  296  370  372  298    0    0    0    0    0
    0    0    0    0    0    0    0    1  210000.0      0.20     240.0   0.00255
ELEM   384  297  371  373  299   44  173  174   45    0    0    0    0    0
    0    0    0    0    0    0    0    1  210000.0      0.20     240.0   0.00255
ELEM   385  298  372  374  300  297  371  373  299    0    0    0    0    0
    0    0    0    0    0    0    0    1  210000.0      0.20     240.0   0.00255
ELEM   386  153  307  308  154  298  372  374  300    0    0    0    0    0
    0    0    0    0    0    0    0    1  210000.0      0.20     240.0   0.00255
ELEM   387  299  373  303  149   45  174   51    6    0    0    0    0    0
    0    0    0    0    0    0    0    1  210000.0      0.20     240.0   0.00255
ELEM   388  300  374  304  150  299  373  303  149    0    0    0    0    0
    0    0    0    0    0    0    0    1  210000.0      0.20     240.0   0.00255
ELEM   389  154  308  156   32  300  374  304  150    0    0    0    0    0
    0    0    0    0    0    0    0    1  210000.0      0.20     240.0   0.00255
ELEM   390  301  129  269  367   36    3   47  171    0    0    0    0    0
    0    0    0    0    0    0    0    1  210000.0      0.20     240.0   0.00255
ELEM   391  302  130  270  368  301  129  269  367    0    0    0    0    0
    0    0    0    0    0    0    0    1  210000.0      0.20     240.0   0.00255
ELEM   392  155   27  133  305  302  130  270  368    0    0    0    0    0
    0    0    0    0    0    0    0    1  210000.0      0.20     240.0   0.00255
ELEM   393  367  269  271  369  171   47   48  172    0    0    0    0    0
    0    0    0    0    0    0    0    1  210000.0      0.20     240.0   0.00255
ELEM   394  368  270  272  370  367  269  271  369    0    0    0    0    0
    0    0    0    0    0    0    0    1  210000.0      0.20     240.0   0.00255
ELEM   395  305  133  134  306  368  270  272  370    0    0    0    0    0
    0    0    0    0    0    0    0    1  210000.0      0.20     240.0   0.00255
ELEM   396  369  271  273  371  172   48   49  173    0    0    0    0    0
    0    0    0    0    0    0    0    1  210000.0      0.20     240.0   0.00255
ELEM   397  370  272  274  372  369  271  273  371    0    0    0    0    0
    0    0    0    0    0    0    0    1  210000.0      0.20     240.0   0.00255
ELEM   398  306  134  135  307  370  272  274  372    0    0    0    0    0
    0    0    0    0    0    0    0    1  210000.0      0.20     240.0   0.00255
ELEM   399  371  273  275  373  173   49   50  174    0    0    0    0    0
    0    0    0    0    0    0    0    1  210000.0      0.20     240.0   0.00255
ELEM   400  372  274  276  374  371  273  275  373    0    0    0    0    0
    0    0    0    0    0    0    0    1  210000.0      0.20     240.0   0.00255
ELEM   401  307  135  136  308  372  274  276  374    0    0    0    0    0
    0    0    0    0    0    0    0    1  210000.0      0.20     240.0   0.00255
ELEM   402  373  275  131  303  174   50    7   51    0    0    0    0    0
    0    0    0    0    0    0    0    1  210000.0      0.20     240.0   0.00255
ELEM   403  374  276  132  304  373  275  131  303    0    0    0    0    0
    0    0    0    0    0    0    0    1  210000.0      0.20     240.0   0.00255
ELEM   404  308  136   28  156  374  276  132  304    0    0    0    0    0
    0    0    0    0    0    0    0    1  210000.0      0.20     240.0   0.00255
ELEM   405  157  317  375  309    1   35  167   38    0    0    0    0    0
    0    0    0    0    0    0    0    1  210000.0      0.20     240.0   0.00255
ELEM   406  158  318  376  310  157  317  375  309    0    0    0    0    0
    0    0    0    0    0    0    0    1  210000.0      0.20     240.0   0.00255
ELEM   407   33  165  321  161  158  318  376  310    0    0    0    0    0
    0    0    0    0    0    0    0    1  210000.0      0.20     240.0   0.00255
ELEM   408  309  375  377  311   38  167  168   39    0    0    0    0    0
    0    0    0    0    0    0    0    1  210000.0      0.20     240.0   0.00255
ELEM   409  310  376  378  312  309  375  377  311    0    0    0    0    0
    0    0    0    0    0    0    0    1  210000.0      0.20     240.0   0.00255
ELEM   410  161  321  322  162  310  376  378  312    0    0    0    0    0
    0    0    0    0    0    0    0    1  210000.0      0.20     240.0   0.00255
ELEM   411  311  377  379  313   39  168  169   40    0    0    0    0    0
    0    0    0    0    0    0    0    1  210000.0      0.20     240.0   0.00255
ELEM   412  312  378  380  314  311  377  379  313    0    0    0    0    0
    0    0    0    0    0    0    0    1  210000.0      0.20     240.0   0.00255
ELEM   413  162  322  323  163  312  378  380  314    0    0    0    0    0
    0    0    0    0    0    0    0    1  210000.0      0.20     240.0   0.00255
ELEM   414  313  379  381  315   40  169  170   41    0    0    0    0    0
    0    0    0    0    0    0    0    1  210000.0      0.20     240.0   0.00255
ELEM   415  314  380  382  316  313  379  381  315    0    0    0    0    0
    0    0    0    0    0    0    0    1  210000.0      0.20     240.0   0.00255
ELEM   416  163  323  324  164  314  380  382  316    0    0    0    0    0
    0    0    0    0    0    0    0    1  210000.0      0.20     240.0   0.00255
ELEM   417  315  381  319  159   41  170   46    5    0    0    0    0    0
    0    0    0    0    0    0    0    1  210000.0      0.20     240.0   0.00255
ELEM   418  316  382  320  160  315  381  319  159    0    0    0    0    0
    0    0    0    0    0    0    0    1  210000.0      0.20     240.0   0.00255
ELEM   419  164  324  166   34  316  382  320  160    0    0    0    0    0
    0    0    0    0    0    0    0    1  210000.0      0.20     240.0   0.00255
ELEM   420  317  147  293  375   35    2   42  167    0    0    0    0    0
    0    0    0    0    0    0    0    1  210000.0      0.20     240.0   0.00255
ELEM   421  318  148  294  376  317  147  293  375    0    0    0    0    0
    0    0    0    0    0    0    0    1  210000.0      0.20     240.0   0.00255
ELEM   422  165   31  151  321  318  148  294  376    0    0    0    0    0
    0    0    0    0    0    0    0    1  210000.0      0.20     240.0   0.00255
ELEM   423  375  293  295  377  167   42   43  168    0    0    0    0    0
    0    0    0    0    0    0    0    1  210000.0      0.20     240.0   0.00255
ELEM   424  376  294  296  378  375  293  295  377    0    0    0    0    0
    0    0    0    0    0    0    0    1  210000.0      0.20     240.0   0.00255
ELEM   425  321  151  152  322  376  294  296  378    0    0    0    0    0
    0    0    0    0    0    0    0    1  210000.0      0.20     240.0   0.00255
ELEM   426  377  295  297  379  168   43   44  169    0    0    0    0    0
    0    0    0    0    0    0    0    1  210000.0      0.20     240.0   0.00255
ELEM   427  378  296  298  380  377  295  297  379    0    0    0    0    0
    0    0    0    0    0    0    0    1  210000.0      0.20     240.0   0.00255
ELEM   428  322  152  153  323  378  296  298  380    0    0    0    0    0
    0    0    0    0    0    0    0    1  210000.0      0.20     240.0   0.00255
ELEM   429  379  297  299  381  169   44   45  170    0    0    0    0    0
    0    0    0    0    0    0    0    1  210000.0      0.20     240.0   0.00255
ELEM   430  380  298  300  382  379  297  299  381    0    0    0    0    0
    0    0    0    0    0    0    0    1  210000.0      0.20     240.0   0.00255
ELEM   431  323  153  154  324  380  298  300  382    0    0    0    0    0
    0    0    0    0    0    0    0    1  210000.0      0.20     240.0   0.00255
ELEM   432  381  299  149  319  170   45    6   46    0    0    0    0    0
    0    0    0    0    0    0    0    1  210000.0      0.20     240.0   0.00255
ELEM   433  382  300  150  320  381  299  149  319    0    0    0    0    0
    0    0    0    0    0    0    0    1  210000.0      0.20     240.0   0.00255
ELEM   434  324  154   32  166  382  300  150  320    0    0    0    0    0
    0    0    0    0    0    0    0    1  210000.0      0.20     240.0   0.00255
LOAD

STEP     1    0.0002      0.00      0.00      0.00    
STEP     2    0.0004      0.00      0.00      0.00    
STEP     3    0.0006      0.00      0.00      0.00    
STEP     4    0.0009      0.00      0.00      0.00    
STEP     5    0.0011      0.00      0.00      0.00    
STEP     6    0.0014      0.00      0.00      0.00    
STEP     7    0.0016      0.00      0.00      0.00    
STEP     8    0.0019      0.00      0.00      0.00    
STEP     9    0.0022      0.00      0.00      0.00    
STEP    10    0.0025      0.00      0.00      0.00    
STEP    11    0.0028      0.00      0.00      0.00    
STEP    12    0.0032      0.00      0.00      0.00    
STEP    13    0.0036      0.00      0.00      0.00    
STEP    14    0.0039      0.00      0.00      0.00    
STEP    15    0.0043      0.00      0.00      0.00    
STEP    16    0.0048      0.00      0.00      0.00    
STEP    17    0.0052      0.00      0.00      0.00    
STEP    18    0.0057      0.00      0.00      0.00    
STEP    19    0.0061      0.00      0.00      0.00    
STEP    20    0.0066      0.00      0.00      0.00    
STEP    21    0.0072      0.00      0.00      0.00    
STEP    22    0.0077      0.00      0.00      0.00    
STEP    23    0.0083      0.00      0.00      0.00    
STEP    24    0.0090      0.00      0.00      0.00    
STEP    25    0.0096      0.00      0.00      0.00    
STEP    26    0.0103      0.00      0.00      0.00    
STEP    27    0.0110      0.00      0.00      0.00    
STEP    28    0.0118      0.00      0.00      0.00    
STEP    29    0.0126      0.00      0.00      0.00    
STEP    30    0.0134      0.00      0.00      0.00    
STEP    31    0.0143      0.00      0.00      0.00    
STEP    32    0.0152      0.00      0.00      0.00    
STEP    33    0.0162      0.00      0.00      0.00    
STEP    34    0.0172      0.00      0.00      0.00    
STEP    35    0.0183      0.00      0.00      0.00    
STEP    36    0.0194      0.00      0.00      0.00    
STEP    37    0.0206      0.00      0.00      0.00    
STEP    38    0.0218      0.00      0.00      0.00    
STEP    39    0.0231      0.00      0.00      0.00    
STEP    40    0.0245      0.00      0.00      0.00    
STEP    41    0.0259      0.00      0.00      0.00    
STEP    42    0.0274      0.00      0.00      0.00    
STEP    43    0.0290      0.00      0.00      0.00    
STEP    44    0.0306      0.00      0.00      0.00    
STEP    45    0.0324      0.00      0.00      0.00    
STEP    46    0.0342      0.00      0.00      0.00    
STEP    47    0.0362      0.00      0.00      0.00    
STEP    48    0.0382      0.00      0.00      0.00    
STEP    49    0.0403      0.00      0.00      0.00    
STEP    50    0.0425      0.00      0.00      0.00    
STEP    51    0.0449      0.00      0.00      0.00    
STEP    52    0.0474      0.00      0.00      0.00    
STEP    53    0.0500      0.00      0.00      0.00    
STEP    54    0.0527      0.00      0.00      0.00    
STEP    55    0.0555      0.00      0.00      0.00    
STEP    56    0.0585      0.00      0.00      0.00    
STEP    57    0.0617      0.00      0.00      0.00    
STEP    58    0.0650      0.00      0.00      0.00    
STEP    59    0.0685      0.00      0.00      0.00    
STEP    60    0.0722      0.00      0.00      0.00    
STEP    61    0.0760      0.00      0.00      0.00    
STEP    62    0.0800      0.00      0.00      0.00    
STEP    63    0.0843      0.00      0.00      0.00    
STEP    64    0.0887      0.00      0.00      0.00    
STEP    65    0.0934      0.00      0.00      0.00    
STEP    66    0.0983      0.00      0.00      0.00    
STEP    67    0.1035      0.00      0.00      0.00    
STEP    68    0.1089      0.00      0.00      0.00    
STEP    69    0.1146      0.00      0.00      0.00    
STEP    70    0.1206      0.00      0.00      0.00    
STEP    71    0.1269      0.00      0.00      0.00    
STEP    72    0.1335      0.00      0.00      0.00    
STEP    73    0.1405      0.00      0.00      0.00    
STEP    74    0.1478      0.00      0.00      0.00    
STEP    75    0.1554      0.00      0.00      0.00    
STEP    76    0.1635      0.00      0.00      0.00    
STEP    77    0.1719      0.00      0.00      0.00    
STEP    78    0.1808      0.00      0.00      0.00    
STEP    79    0.1901      0.00      0.00      0.00    
STEP    80    0.1999      0.00      0.00      0.00    
STEP    81    0.2102      0.00      0.00      0.00    
STEP    82    0.2211      0.00      0.00      0.00    
STEP    83    0.2324      0.00      0.00      0.00    
STEP    84    0.2444      0.00      0.00      0.00    
STEP    85    0.2569      0.00      0.00      0.00    
STEP    86    0.2701      0.00      0.00      0.00    
STEP    87    0.2839      0.00      0.00      0.00    
STEP    88    0.2984      0.00      0.00      0.00    
STEP    89    0.3137      0.00      0.00      0.00    
STEP    90    0.3298      0.00      0.00      0.00    
STEP    91    0.3466      0.00      0.00      0.00    
STEP    92    0.3643      0.00      0.00      0.00    
STEP    93    0.3829      0.00      0.00      0.00    
STEP    94    0.4025      0.00      0.00      0.00    
STEP    95    0.4230      0.00      0.00      0.00    
STEP    96    0.4445      0.00      0.00      0.00    
STEP    97    0.4672      0.00      0.00      0.00    
STEP    98    0.4910      0.00      0.00      0.00    
STEP    99    0.5160      0.00      0.00      0.00    
STEP   100    0.5422      0.00      0.00      0.00    
STEP   101    0.5698      0.00      0.00      0.00    
STEP   102    0.5988      0.00      0.00      0.00    
STEP   103    0.6292      0.00      0.00      0.00    
STEP   104    0.6612      0.00      0.00      0.00    
STEP   105    0.6948      0.00      0.00      0.00    
STEP   106    0.7301      0.00      0.00      0.00    
STEP   107    0.7672      0.00      0.00      0.00    
STEP   108    0.8061      0.00      0.00      0.00    
STEP   109    0.8470      0.00      0.00      0.00    
STEP   110    0.8900      0.00      0.00      0.00    
STEP   111    0.9351      0.00      0.00      0.00    
STEP   112    0.9825      0.00      0.00      0.00    
STEP   113    1.0324      0.00      0.00      0.00    
STEP   114    1.0847      0.00      0.00      0.00    
STEP   115    1.1397      0.00      0.00      0.00    
STEP   116    1.1974      0.00      0.00      0.00    
STEP   117    1.2581      0.00      0.00      0.00    
STEP   118    1.3218      0.00      0.00      0.00    
STEP   119    1.3888      0.00      0.00      0.00    
STEP   120    1.4591      0.00      0.00      0.00    
STEP   121    1.5330      0.00      0.00      0.00    
STEP   122    1.6106      0.00      0.00      0.00    
STEP   123    1.6922      0.00      0.00      0.00    
STEP   124    1.7778      0.00      0.00      0.00    
STEP   125    1.8678      0.00      0.00      0.00    
STEP   126    1.9623      0.00      0.00      0.00    
STEP   127    2.0616      0.00      0.00      0.00    
STEP   128    2.1659      0.00      0.00      0.00    
STEP   129    2.2755      0.00      0.00      0.00    
STEP   130    2.3906      0.00      0.00      0.00    
STEP   131    2.5115      0.00      0.00      0.00    
STEP   132    2.6386      0.00      0.00      0.00    
STEP   133    2.7720      0.00      0.00      0.00    
STEP   134    2.9122      0.00      0.00      0.00    
STEP   135    3.0595      0.00      0.00      0.00    
STEP   136    3.2142      0.00      0.00      0.00    
STEP   137    3.3767      0.00      0.00      0.00    
STEP   138    3.5474      0.00      0.00      0.00    
STEP   139    3.7268      0.00      0.00      0.00    
STEP   140    3.9152      0.00      0.00      0.00    
STEP   141    4.1131      0.00      0.00      0.00    
STEP   142    4.3210      0.00      0.00      0.00    
STEP   143    4.5394      0.00      0.00      0.00    
STEP   144    4.7688      0.00      0.00      0.00    
STEP   145    5.0099      0.00      0.00      0.00    
STEP   146    5.2631      0.00      0.00      0.00    
STEP   147    5.5290      0.00      0.00      0.00    
STEP   148    5.8085      0.00      0.00      0.00    
STEP   149    6.1020      0.00      0.00      0.00    
STEP   150    6.4103      0.00      0.00      0.00    
STEP   151    6.6000      0.00      0.00      0.00    
STEP   152    6.8000      0.00      0.00      0.00    
STEP   153    6.9999      0.00      0.00      0.00    
STEP   154    7.0002      0.00      0.00      0.00    
STEP   155    7.0004      0.00      0.00      0.00    
STEP   156    7.0006      0.00      0.00      0.00    
STEP   157    7.0009      0.00      0.00      0.00    
STEP   158    7.0011      0.00      0.00      0.00    
STEP   159    7.0014      0.00      0.00      0.00    
STEP   160    7.0016      0.00      0.00      0.00    
STEP   161    7.0019      0.00      0.00      0.00    
STEP   162    7.0022      0.00      0.00      0.00    
STEP   163    7.0025      0.00      0.00      0.00    
STEP   164    7.0028      0.00      0.00      0.00    
STEP   165    7.0032      0.00      0.00      0.00    
STEP   166    7.0036      0.00      0.00      0.00    
STEP   167    7.0039      0.00      0.00      0.00    
STEP   168    7.0043      0.00      0.00      0.00    
STEP   169    7.0048      0.00      0.00      0.00    
STEP   170    7.0052      0.00      0.00      0.00    
STEP   171    7.0057      0.00      0.00      0.00    
STEP   172    7.0061      0.00      0.00      0.00    
STEP   173    7.0066      0.00      0.00      0.00    
STEP   174    7.0072      0.00      0.00      0.00    
STEP   175    7.0077      0.00      0.00      0.00    
STEP   176    7.0083      0.00      0.00      0.00    
STEP   177    7.0090      0.00      0.00      0.00    
STEP   178    7.0096      0.00      0.00      0.00    
STEP   179    7.0103      0.00      0.00      0.00    
STEP   180    7.0110      0.00      0.00      0.00    
STEP   181    7.0118      0.00      0.00      0.00    
STEP   182    7.0126      0.00      0.00      0.00    
STEP   183    7.0134      0.00      0.00      0.00    
STEP   184    7.0143      0.00      0.00      0.00    
STEP   185    7.0152      0.00      0.00      0.00    
STEP   186    7.0162      0.00      0.00      0.00    
STEP   187    7.0172      0.00      0.00      0.00    
STEP   188    7.0183      0.00      0.00      0.00    
STEP   189    7.0194      0.00      0.00      0.00    
STEP   190    7.0206      0.00      0.00      0.00    
STEP   191    7.0218      0.00      0.00      0.00    
STEP   192    7.0231      0.00      0.00      0.00    
STEP   193    7.0245      0.00      0.00      0.00    
STEP   194    7.0259      0.00      0.00      0.00    
STEP   195    7.0274      0.00      0.00      0.00    
STEP   196    7.0290      0.00      0.00      0.00    
STEP   197    7.0306      0.00      0.00      0.00    
STEP   198    7.0324      0.00      0.00      0.00    
STEP   199    7.0342      0.00      0.00      0.00    
STEP   200    7.0362      0.00      0.00      0.00    
STEP   201    7.0382      0.00      0.00      0.00    
STEP   202    7.0403      0.00      0.00      0.00    
STEP   203    7.0425      0.00      0.00      0.00    
STEP   204    7.0449      0.00      0.00      0.00    
STEP   205    7.0474      0.00      0.00      0.00    
STEP   206    7.0500      0.00      0.00      0.00    
STEP   207    7.0527      0.00      0.00      0.00    
STEP   208    7.0555      0.00      0.00      0.00    
STEP   209    7.0585      0.00      0.00      0.00    
STEP   210    7.0617      0.00      0.00      0.00    
STEP   211    7.0650      0.00      0.00      0.00    
STEP   212    7.0685      0.00      0.00      0.00    
STEP   213    7.0722      0.00      0.00      0.00    
STEP   214    7.0760      0.00      0.00      0.00    
STEP   215    7.0800      0.00      0.00      0.00    
STEP   216    7.0843      0.00      0.00      0.00    
STEP   217    7.0887      0.00      0.00      0.00    
STEP   218    7.0934      0.00      0.00      0.00    
STEP   219    7.0983      0.00      0.00      0.00    
STEP   220    7.1035      0.00      0.00      0.00    
STEP   221    7.1089      0.00      0.00      0.00    
STEP   222    7.1146      0.00      0.00      0.00    
STEP   223    7.1206      0.00      0.00      0.00    
STEP   224    7.1269      0.00      0.00      0.00    
STEP   225    7.1335      0.00      0.00      0.00    
STEP   226    7.1405      0.00      0.00      0.00    
STEP   227    7.1478      0.00      0.00      0.00    
STEP   228    7.1554      0.00      0.00      0.00    
STEP   229    7.1635      0.00      0.00      0.00    
STEP   230    7.1719      0.00      0.00      0.00    
STEP   231    7.1808      0.00      0.00      0.00    
STEP   232    7.1901      0.00      0.00      0.00    
STEP   233    7.1999      0.00      0.00      0.00    
STEP   234    7.2102      0.00      0.00      0.00    
STEP   235    7.2211      0.00      0.00      0.00    
STEP   236    7.2324      0.00      0.00      0.00    
STEP   237    7.2444      0.00      0.00      0.00    
STEP   238    7.2569      0.00      0.00      0.00    
STEP   239    7.2701      0.00      0.00      0.00    
STEP   240    7.2839      0.00      0.00      0.00    
STEP   241    7.2984      0.00      0.00      0.00    
STEP   242    7.3137      0.00      0.00      0.00    
STEP   243    7.3298      0.00      0.00      0.00    
STEP   244    7.3466      0.00      0.00      0.00    
STEP   245    7.3643      0.00      0.00      0.00    
STEP   246    7.3829      0.00      0.00      0.00    
STEP   247    7.4025      0.00      0.00      0.00    
STEP   248    7.4230      0.00      0.00      0.00    
STEP   249    7.4445      0.00      0.00      0.00    
STEP   250    7.4672      0.00      0.00      0.00    
STEP   251    7.4910      0.00      0.00      0.00    
STEP   252    7.5160      0.00      0.00      0.00    
STEP   253    7.5422      0.00      0.00      0.00    
STEP   254    7.5698      0.00      0.00      0.00    
STEP   255    7.5988      0.00      0.00      0.00    
STEP   256    7.6292      0.00      0.00      0.00    
STEP   257    7.6612      0.00      0.00      0.00    
STEP   258    7.6948      0.00      0.00      0.00    
STEP   259    7.7301      0.00      0.00      0.00    
STEP   260    7.7672      0.00      0.00      0.00    
STEP   261    7.8061      0.00      0.00      0.00    
STEP   262    7.8470      0.00      0.00      0.00    
STEP   263    7.8900      0.00      0.00      0.00    
STEP   264    7.9351      0.00      0.00      0.00    
STEP   265    7.9825      0.00      0.00      0.00    
STEP   266    8.0324      0.00      0.00      0.00    
STEP   267    8.0847      0.00      0.00      0.00    
STEP   268    8.1397      0.00      0.00      0.00    
STEP   269    8.1974      0.00      0.00      0.00    
STEP   270    8.2581      0.00      0.00      0.00    
STEP   271    8.3218      0.00      0.00      0.00    
STEP   272    8.3888      0.00      0.00      0.00    
STEP   273    8.4591      0.00      0.00      0.00    
STEP   274    8.5330      0.00      0.00      0.00    
STEP   275    8.6106      0.00      0.00      0.00    
STEP   276    8.6922      0.00      0.00      0.00    
STEP   277    8.7778      0.00      0.00      0.00    
STEP   278    8.8678      0.00      0.00      0.00    
STEP   279    8.9623      0.00      0.00      0.00    
STEP   280    9.0616      0.00      0.00      0.00    
STEP   281    9.1659      0.00      0.00      0.00    
STEP   282    9.2755      0.00      0.00      0.00    
STEP   283    9.3906      0.00      0.00      0.00    
STEP   284    9.5115      0.00      0.00      0.00    
STEP   285    9.6386      0.00      0.00      0.00    
STEP   286    9.7720      0.00      0.00      0.00    
STEP   287    9.9122      0.00      0.00      0.00    
STEP   288   10.0595      0.00      0.00      0.00    
END
