TEST PROGRAM FOR COMH AND COMT (3D HEAT AND CREEP) 1-SOLID ELEMENT
32050000
NODE
NODE     1   0.0      0.0        0.0    1000.0              0000
NODE     2   0.5      0.0        0.0    1000.0              0000
NODE     3   0.0      0.5        0.0    1000.0              0000
NODE     4   0.5      0.5        0.0    1000.0              0000
NODE     5   0.0      0.0        0.5    1000.0              0000
NODE     6   0.5      0.0        0.5    1000.0              0000
NODE     7   0.0      0.5        0.5    1000.0              0000
NODE     8   0.5      0.5        0.5    1000.0              0000
ELEM
ELEM     1    1    3    4    2    5    7    8    6    0    0    0    0
    0    0    0    0    0    0    0    0    1    0    0
LOAD

STEP     1  .0002      1.0       60.0
STEP     2  .0004      1.0       60.0
STEP     3  .0007      1.0       60.0
STEP     4  .0009      1.0       60.0
STEP     5  .0012      1.0       60.0
STEP     6  .0014      1.0       60.0
STEP     7  .0017      1.0       60.0
STEP     8  .0020      1.0       60.0
STEP     9  .0023      1.0       60.0
STEP    10  .0026      1.0       60.0
STEP    11  .0030      1.0       60.0
STEP    12  .0033      1.0       60.0
STEP    13  .0037      1.0       60.0
STEP    14  .0041      1.0       60.0
STEP    15  .0045      1.0       60.0
STEP    16  .0050      1.0       60.0
STEP    17  .0054      1.0       60.0
STEP    18  .0059      1.0       60.0
STEP    19  .0064      1.0       60.0
STEP    20  .0069      1.0       60.0
STEP    21  .0075      1.0       60.0
STEP    22  .0081      1.0       60.0
STEP    23  .0087      1.0       60.0
STEP    24  .0093      1.0       60.0
STEP    25  .0100      1.0       60.0
STEP    26  .0107      1.0       60.0
STEP    27  .0115      1.0       60.0
STEP    28  .0123      1.0       60.0
STEP    29  .0131      1.0       60.0
STEP    30  .0140      1.0       60.0
STEP    31  .0149      1.0       60.0
STEP    32  .0158      1.0       60.0
STEP    33  .0168      1.0       60.0
STEP    34  .0179      1.0       60.0
STEP    35  .0190      1.0       60.0
STEP    36  .0201      1.0       60.0
STEP    37  .0213      1.0       60.0
STEP    38  .0226      1.0       60.0
STEP    39  .0240      1.0       60.0
STEP    40  .0254      1.0       60.0
STEP    41  .0268      1.0       60.0
STEP    42  .0284      1.0       60.0
STEP    43  .0300      1.0       60.0
STEP    44  .0317      1.0       60.0
STEP    45  .0335      1.0       60.0
STEP    46  .0354      1.0       60.0
STEP    47  .0374      1.0       60.0
STEP    48  .0395      1.0       60.0
STEP    49  .0417      1.0       60.0
STEP    50  .0440      1.0       60.0
STEP    51  .0464      1.0       60.0
STEP    52  .0489      1.0       60.0
STEP    53  .0516      1.0       60.0
STEP    54  .0543      1.0       60.0
STEP    55  .0573      1.0       60.0
STEP    56  .0603      1.0       60.0
STEP    57  .0636      1.0       60.0
STEP    58  .0670      1.0       60.0
STEP    59  .0705      1.0       60.0
STEP    60  .0743      1.0       60.0
STEP    61  .0782      1.0       60.0
STEP    62  .0823      1.0       60.0
STEP    63  .0866      1.0       60.0
STEP    64  .0912      1.0       60.0
STEP    65  .0959      1.0       60.0
STEP    66  .1009      1.0       60.0
STEP    67  .1062      1.0       60.0
STEP    68  .1117      1.0       60.0
STEP    69  .1175      1.0       60.0
STEP    70  .1236      1.0       60.0
STEP    71  .1300      1.0       60.0
STEP    72  .1367      1.0       60.0
STEP    73  .1437      1.0       60.0
STEP    74  .1511      1.0       60.0
STEP    75  .1589      1.0       60.0
STEP    76  .1671      1.0       60.0
STEP    77  .1756      1.0       60.0
STEP    78  .1846      1.0       60.0
STEP    79  .1940      1.0       60.0
STEP    80  .2040      1.0       60.0
STEP    81  .2144      1.0       60.0
STEP    82  .2253      1.0       60.0
STEP    83  .2368      1.0       60.0
STEP    84  .2488      1.0       60.0
STEP    85  .2615      1.0       60.0
STEP    86  .2748      1.0       60.0
STEP    87  .2887      1.0       60.0
STEP    88  .3033      1.0       60.0
STEP    89  .3187      1.0       60.0
STEP    90  .3349      1.0       60.0
STEP    91  .3518      1.0       60.0
STEP    92  .3696      1.0       60.0
STEP    93  .3883      1.0       60.0
STEP    94  .4079      1.0       60.0
STEP    95  .4285      1.0       60.0
STEP    96  .4502      1.0       60.0
STEP    97  .4729      1.0       60.0
STEP    98  .4968      1.0       60.0
STEP    99  .5218      1.0       60.0
STEP   100  .5481      1.0       60.0
STEP   101  .5757      1.0       60.0
STEP   102  .6047      1.0       60.0
STEP   103  .6352      1.0       60.0
STEP   104  .6671      1.0       60.0
STEP   105  .7007      1.0       60.0
STEP   106  .7359      1.0       60.0
STEP   107  .7729      1.0       60.0
STEP   108  .8118      1.0       60.0
STEP   109  .8526      1.0       60.0
STEP   110  .8954      1.0       60.0
STEP   111  .9404      1.0       60.0
STEP   112  .9877      1.0       60.0
STEP   113 1.0373      1.0       60.0
STEP   114 1.0893      1.0       60.0
STEP   115 1.1440      1.0       60.0
STEP   116 1.2014      1.0       60.0
STEP   117 1.2617      1.0       60.0
STEP   118 1.3250      1.0       60.0
STEP   119 1.3914      1.0       60.0
STEP   120 1.4612      1.0       60.0
STEP   121 1.5345      1.0       60.0
STEP   122 1.6114      1.0       60.0
STEP   123 1.6922      1.0       60.0
STEP   124 1.7770      1.0       60.0
STEP   125 1.8661      1.0       60.0
STEP   126 1.9596      1.0       60.0
STEP   127 2.0578      1.0       60.0
STEP   128 2.1609      1.0       60.0
STEP   129 2.2692      1.0       60.0
STEP   130 2.3828      1.0       60.0
STEP   131 2.5022      1.0       60.0
STEP   132 2.6275      1.0       60.0
STEP   133 2.7591      1.0       60.0
STEP   134 2.8972      1.0       60.0
STEP   135 3.0423      1.0       60.0
STEP   136 3.1946      1.0       60.0
STEP   137 3.3546      1.0       60.0
STEP   138 3.5225      1.0       60.0
STEP   139 3.6989      1.0       60.0
STEP   140 3.8840      1.0       60.0
STEP   141 4.0784      1.0       60.0
STEP   142 4.2825      1.0       60.0
STEP   143 4.4969      1.0       60.0
STEP   144 4.7219      1.0       60.0
STEP   145 4.9582      1.0       60.0
STEP   146 5.2064      1.0       60.0
STEP   147 5.4669      1.0       60.0
STEP   148 5.7404      1.0       60.0
STEP   149 6.0277      1.0       60.0
STEP   150 6.3293      1.0       60.0
STEP   151 6.6459      1.0       60.0
STEP   152 6.9785      1.0       60.0
STEP   153 7.3276      1.0       60.0
STEP   154 7.6942      1.0       60.0
STEP   155 8.0791      1.0       60.0
STEP   156 8.4833      1.0       60.0
STEP   157 8.9076      1.0       60.0
STEP   158 9.3532      1.0       60.0
STEP   159 9.8211      1.0       60.0
END
